(kicad_pcb (version 20171130) (host pcbnew 5.0.2-bee76a0~70~ubuntu16.04.1)

  (general
    (thickness 1.6)
    (drawings 54)
    (tracks 146)
    (zones 0)
    (modules 30)
    (nets 20)
  )

  (page A4)
  (layers
    (0 F.Cu signal)
    (31 B.Cu signal)
    (32 B.Adhes user)
    (33 F.Adhes user)
    (34 B.Paste user)
    (35 F.Paste user)
    (36 B.SilkS user)
    (37 F.SilkS user)
    (38 B.Mask user)
    (39 F.Mask user)
    (40 Dwgs.User user)
    (41 Cmts.User user)
    (42 Eco1.User user)
    (43 Eco2.User user)
    (44 Edge.Cuts user)
    (45 Margin user)
    (46 B.CrtYd user hide)
    (47 F.CrtYd user hide)
    (48 B.Fab user hide)
    (49 F.Fab user hide)
  )

  (setup
    (last_trace_width 0.25)
    (trace_clearance 0.2)
    (zone_clearance 0.508)
    (zone_45_only no)
    (trace_min 0.2)
    (segment_width 0.2)
    (edge_width 0.15)
    (via_size 0.8)
    (via_drill 0.4)
    (via_min_size 0.4)
    (via_min_drill 0.3)
    (uvia_size 0.3)
    (uvia_drill 0.1)
    (uvias_allowed no)
    (uvia_min_size 0.2)
    (uvia_min_drill 0.1)
    (pcb_text_width 0.3)
    (pcb_text_size 1.5 1.5)
    (mod_edge_width 0.15)
    (mod_text_size 0.8 0.8)
    (mod_text_width 0.15)
    (pad_size 1.524 1.524)
    (pad_drill 0.762)
    (pad_to_mask_clearance 0.051)
    (solder_mask_min_width 0.25)
    (aux_axis_origin 0 0)
    (grid_origin 112.62 111.945)
    (visible_elements FFFFFF7F)
    (pcbplotparams
      (layerselection 0x010fc_ffffffff)
      (usegerberextensions false)
      (usegerberattributes false)
      (usegerberadvancedattributes false)
      (creategerberjobfile false)
      (excludeedgelayer true)
      (linewidth 0.500000)
      (plotframeref false)
      (viasonmask false)
      (mode 1)
      (useauxorigin false)
      (hpglpennumber 1)
      (hpglpenspeed 20)
      (hpglpendiameter 15.000000)
      (psnegative false)
      (psa4output false)
      (plotreference true)
      (plotvalue true)
      (plotinvisibletext false)
      (padsonsilk false)
      (subtractmaskfromsilk false)
      (outputformat 4)
      (mirror false)
      (drillshape 0)
      (scaleselection 1)
      (outputdirectory "../"))
  )

  (net 0 "")
  (net 1 GND)
  (net 2 SENSE_PWR)
  (net 3 3V3)
  (net 4 BATT_SENSE)
  (net 5 RESET)
  (net 6 "Net-(SW1-Pad2)")
  (net 7 A0)
  (net 8 "Net-(U1-Pad21)")
  (net 9 "Net-(U1-Pad22)")
  (net 10 "Net-(U1-Pad23)")
  (net 11 SOIL_1)
  (net 12 SOIL_2)
  (net 13 SOIL_3)
  (net 14 SOIL_4)
  (net 15 SOIL_5)
  (net 16 SOIL_6)
  (net 17 "Net-(F1-Pad1)")
  (net 18 /PWR)
  (net 19 /OUT+)

  (net_class Default "This is the default net class."
    (clearance 0.2)
    (trace_width 0.25)
    (via_dia 0.8)
    (via_drill 0.4)
    (uvia_dia 0.3)
    (uvia_drill 0.1)
    (add_net A0)
    (add_net BATT_SENSE)
    (add_net GND)
    (add_net "Net-(SW1-Pad2)")
    (add_net "Net-(U1-Pad21)")
    (add_net "Net-(U1-Pad22)")
    (add_net "Net-(U1-Pad23)")
    (add_net RESET)
    (add_net SENSE_PWR)
    (add_net SOIL_1)
    (add_net SOIL_2)
    (add_net SOIL_3)
    (add_net SOIL_4)
    (add_net SOIL_5)
    (add_net SOIL_6)
  )

  (net_class BATT ""
    (clearance 0.25)
    (trace_width 0.5)
    (via_dia 0.8)
    (via_drill 0.4)
    (uvia_dia 0.3)
    (uvia_drill 0.1)
    (add_net /OUT+)
    (add_net /PWR)
    (add_net 3V3)
    (add_net "Net-(F1-Pad1)")
  )

  (module theapi:TheApiLogoTiny (layer B.Cu) (tedit 5729157E) (tstamp 5DC13B0B)
    (at 117.62 66.945 270)
    (fp_text reference REF** (at 0 -0.5 270) (layer B.SilkS) hide
      (effects (font (size 1 1) (thickness 0.15)) (justify mirror))
    )
    (fp_text value TheApiLogoTiny (at 0 0.5 270) (layer B.Fab) hide
      (effects (font (size 1 1) (thickness 0.15)) (justify mirror))
    )
    (fp_line (start 0.26 -4.07) (end 0.42 -3.55) (layer B.Mask) (width 0.1016))
    (fp_line (start 0.3 -3.85) (end 0.26 -4.07) (layer B.Mask) (width 0.1016))
    (fp_line (start 0.18 -3.57) (end 0.3 -3.85) (layer B.Mask) (width 0.1016))
    (fp_line (start -0.04 -3.27) (end 0.18 -3.57) (layer B.Mask) (width 0.1016))
    (fp_line (start -0.13 -2.84) (end -0.04 -3.27) (layer B.Mask) (width 0.1016))
    (fp_line (start 0.24 -2.85) (end 0.24 -2.68) (layer B.Mask) (width 0.1016))
    (fp_line (start 0.26 -2.95) (end 0.24 -2.85) (layer B.Mask) (width 0.1016))
    (fp_line (start 0.21 -3.04) (end 0.26 -2.95) (layer B.Mask) (width 0.1016))
    (fp_line (start 0.09 -3.07) (end 0.21 -3.04) (layer B.Mask) (width 0.1016))
    (fp_line (start -0.03 -2.94) (end 0.09 -3.07) (layer B.Mask) (width 0.1016))
    (fp_line (start -0.1 -2.75) (end -0.03 -2.94) (layer B.Mask) (width 0.1016))
    (fp_line (start 0.42 -2.75) (end 0.33 -2.62) (layer B.Mask) (width 0.1016))
    (fp_line (start 0.55 -2.78) (end 0.42 -2.75) (layer B.Mask) (width 0.1016))
    (fp_line (start 0.66 -2.74) (end 0.55 -2.78) (layer B.Mask) (width 0.1016))
    (fp_line (start 0.7 -2.64) (end 0.66 -2.74) (layer B.Mask) (width 0.1016))
    (fp_line (start 0.7 -2.5) (end 0.7 -2.64) (layer B.Mask) (width 0.1016))
    (fp_line (start 0.6 -2.36) (end 0.7 -2.5) (layer B.Mask) (width 0.1016))
    (fp_line (start 0.42 -2.25) (end 0.6 -2.36) (layer B.Mask) (width 0.1016))
    (fp_line (start 0.52 -2.22) (end 0.42 -2.22) (layer B.Mask) (width 0.1016))
    (fp_line (start 0.67 -2.21) (end 0.52 -2.22) (layer B.Mask) (width 0.1016))
    (fp_line (start 0.77 -2.14) (end 0.67 -2.21) (layer B.Mask) (width 0.1016))
    (fp_line (start 0.75 -1.99) (end 0.77 -2.14) (layer B.Mask) (width 0.1016))
    (fp_line (start 0.64 -1.89) (end 0.75 -1.99) (layer B.Mask) (width 0.1016))
    (fp_line (start 0.27 -1.9) (end 0.64 -1.89) (layer B.Mask) (width 0.1016))
    (fp_line (start 0.39 -1.77) (end 0.3 -1.91) (layer B.Mask) (width 0.1016))
    (fp_line (start 0.41 -1.66) (end 0.39 -1.77) (layer B.Mask) (width 0.1016))
    (fp_line (start 0.36 -1.55) (end 0.41 -1.66) (layer B.Mask) (width 0.1016))
    (fp_line (start 0.19 -1.52) (end 0.36 -1.55) (layer B.Mask) (width 0.1016))
    (fp_line (start 0.03 -1.58) (end 0.19 -1.52) (layer B.Mask) (width 0.1016))
    (fp_line (start -0.06 -1.85) (end 0.03 -1.58) (layer B.Mask) (width 0.1016))
    (fp_line (start -0.16 -2.76) (end -0.17 -2.73) (layer B.Mask) (width 0.1016))
    (fp_line (start -0.13 -2.74) (end -0.16 -2.76) (layer B.Mask) (width 0.1016))
    (fp_line (start -0.15 -2.76) (end -0.13 -2.74) (layer B.Mask) (width 0.1016))
    (fp_line (start -0.17 -2.87) (end -0.15 -2.76) (layer B.Mask) (width 0.1016))
    (fp_line (start -0.23 -2.98) (end -0.17 -2.87) (layer B.Mask) (width 0.1016))
    (fp_line (start -0.35 -3.02) (end -0.23 -2.98) (layer B.Mask) (width 0.1016))
    (fp_line (start -0.46 -2.98) (end -0.35 -3.02) (layer B.Mask) (width 0.1016))
    (fp_line (start -0.47 -2.79) (end -0.46 -2.98) (layer B.Mask) (width 0.1016))
    (fp_line (start -0.39 -2.59) (end -0.47 -2.79) (layer B.Mask) (width 0.1016))
    (fp_line (start -0.66 -2.63) (end -0.41 -2.57) (layer B.Mask) (width 0.1016))
    (fp_line (start -0.78 -2.55) (end -0.66 -2.63) (layer B.Mask) (width 0.1016))
    (fp_line (start -0.82 -2.42) (end -0.78 -2.55) (layer B.Mask) (width 0.1016))
    (fp_line (start -0.73 -2.27) (end -0.82 -2.42) (layer B.Mask) (width 0.1016))
    (fp_line (start -0.46 -2.22) (end -0.73 -2.27) (layer B.Mask) (width 0.1016))
    (fp_line (start -0.68 -2.1) (end -0.47 -2.15) (layer B.Mask) (width 0.1016))
    (fp_line (start -0.79 -1.93) (end -0.68 -2.1) (layer B.Mask) (width 0.1016))
    (fp_line (start -0.68 -1.74) (end -0.79 -1.93) (layer B.Mask) (width 0.1016))
    (fp_line (start -0.4 -1.67) (end -0.68 -1.74) (layer B.Mask) (width 0.1016))
    (fp_line (start -0.13 -1.81) (end -0.4 -1.67) (layer B.Mask) (width 0.1016))
    (fp_line (start 0.04 -2.48) (end 0.16 -2.39) (layer B.Mask) (width 0.0762))
    (fp_line (start -0.09 -2.49) (end 0.04 -2.48) (layer B.Mask) (width 0.0762))
    (fp_line (start -0.21 -2.42) (end -0.09 -2.49) (layer B.Mask) (width 0.0762))
    (fp_circle (center -0.16 -2.2) (end -0.13 -2.21) (layer B.Mask) (width 0.15))
    (fp_circle (center -0.02 -2.28) (end 0.39 -2.28) (layer B.Mask) (width 0.127))
    (fp_circle (center 0.12 -2.2) (end 0.15 -2.21) (layer B.Mask) (width 0.15))
  )

  (module "ESP8266:NodeMCU1.0(12-E)" (layer F.Cu) (tedit 5DC015EB) (tstamp 5DBCA7E7)
    (at 148.59 88.9)
    (path /5DBC1267)
    (fp_text reference U1 (at 0 0) (layer F.SilkS)
      (effects (font (size 0.8 0.8) (thickness 0.15)))
    )
    (fp_text value "NodeMCU_1.0_(ESP-12E)" (at 0 -2.54) (layer F.Fab)
      (effects (font (size 1 1) (thickness 0.15)))
    )
    (fp_line (start -5.97 -19.455) (end 6.03 -19.455) (layer F.SilkS) (width 0.15))
    (fp_line (start 6.03 -19.455) (end 6.03 -4.455) (layer F.SilkS) (width 0.15))
    (fp_line (start 6.03 -4.455) (end -5.97 -4.455) (layer F.SilkS) (width 0.15))
    (fp_line (start -5.97 -4.455) (end -5.97 -19.455) (layer F.SilkS) (width 0.15))
    (fp_line (start 2.54 -22.13) (end -5.08 -22.13) (layer F.SilkS) (width 0.15))
    (fp_line (start -5.08 -22.13) (end -5.08 -27.21) (layer F.SilkS) (width 0.15))
    (fp_line (start -5.08 -27.21) (end -3.81 -27.21) (layer F.SilkS) (width 0.15))
    (fp_line (start -3.81 -27.21) (end -3.81 -23.4) (layer F.SilkS) (width 0.15))
    (fp_line (start -3.81 -23.4) (end -2.54 -23.4) (layer F.SilkS) (width 0.15))
    (fp_line (start -2.54 -23.4) (end -2.54 -27.21) (layer F.SilkS) (width 0.15))
    (fp_line (start -2.54 -27.21) (end -1.27 -27.21) (layer F.SilkS) (width 0.15))
    (fp_line (start -1.27 -27.21) (end -1.27 -23.4) (layer F.SilkS) (width 0.15))
    (fp_line (start -1.27 -23.4) (end 0 -23.4) (layer F.SilkS) (width 0.15))
    (fp_line (start 0 -23.4) (end 0 -27.21) (layer F.SilkS) (width 0.15))
    (fp_line (start 0 -27.21) (end 1.27 -27.21) (layer F.SilkS) (width 0.15))
    (fp_line (start 1.27 -27.21) (end 1.27 -23.4) (layer F.SilkS) (width 0.15))
    (fp_line (start 1.27 -23.4) (end 2.54 -23.4) (layer F.SilkS) (width 0.15))
    (fp_line (start 2.54 -23.4) (end 2.54 -27.21) (layer F.SilkS) (width 0.15))
    (fp_line (start 2.54 -27.21) (end 6.35 -27.21) (layer F.SilkS) (width 0.15))
    (fp_line (start -3.81 22.44) (end 3.81 22.44) (layer F.SilkS) (width 0.15))
    (fp_line (start 3.81 22.44) (end 3.81 16.09) (layer F.SilkS) (width 0.15))
    (fp_line (start 3.81 16.09) (end -3.81 16.09) (layer F.SilkS) (width 0.15))
    (fp_line (start -3.81 16.09) (end -3.81 22.44) (layer F.SilkS) (width 0.15))
    (fp_text user VIN (at -11.43 14.605) (layer F.SilkS)
      (effects (font (size 1 1) (thickness 0.15)))
    )
    (fp_text user G (at -11.43 12.065) (layer F.SilkS)
      (effects (font (size 1 1) (thickness 0.15)))
    )
    (fp_text user RST (at -11.43 9.525) (layer F.SilkS)
      (effects (font (size 1 1) (thickness 0.15)))
    )
    (fp_text user EN (at -11.43 6.985) (layer F.SilkS)
      (effects (font (size 1 1) (thickness 0.15)))
    )
    (fp_text user 3V (at -11.43 4.445) (layer F.SilkS)
      (effects (font (size 1 1) (thickness 0.15)))
    )
    (fp_text user G (at -11.43 1.905) (layer F.SilkS)
      (effects (font (size 1 1) (thickness 0.15)))
    )
    (fp_text user SK (at -11.43 -0.635) (layer F.SilkS)
      (effects (font (size 1 1) (thickness 0.15)))
    )
    (fp_text user SO (at -11.43 -3.175) (layer F.SilkS)
      (effects (font (size 1 1) (thickness 0.15)))
    )
    (fp_text user SC (at -11.43 -5.715) (layer F.SilkS)
      (effects (font (size 1 1) (thickness 0.15)))
    )
    (fp_text user S1 (at -11.43 -8.255) (layer F.SilkS)
      (effects (font (size 1 1) (thickness 0.15)))
    )
    (fp_text user S2 (at -11.43 -10.795) (layer F.SilkS)
      (effects (font (size 1 1) (thickness 0.15)))
    )
    (fp_text user S3 (at -11.43 -13.335) (layer F.SilkS)
      (effects (font (size 1 1) (thickness 0.15)))
    )
    (fp_text user RSV (at -11.43 -15.875) (layer F.SilkS)
      (effects (font (size 1 1) (thickness 0.15)))
    )
    (fp_text user RSV (at -11.43 -18.415) (layer F.SilkS)
      (effects (font (size 1 1) (thickness 0.15)))
    )
    (fp_text user A0 (at -11.97 -20.455) (layer F.SilkS)
      (effects (font (size 1 1) (thickness 0.15)))
    )
    (fp_text user 3V (at 11.43 14.605) (layer F.SilkS)
      (effects (font (size 1 1) (thickness 0.15)))
    )
    (fp_text user G (at 11.43 12.065) (layer F.SilkS)
      (effects (font (size 1 1) (thickness 0.15)))
    )
    (fp_text user TX (at 11.43 9.525) (layer F.SilkS)
      (effects (font (size 1 1) (thickness 0.15)))
    )
    (fp_text user RX (at 11.43 6.985) (layer F.SilkS)
      (effects (font (size 1 1) (thickness 0.15)))
    )
    (fp_text user D8 (at 11.43 4.445) (layer F.SilkS)
      (effects (font (size 1 1) (thickness 0.15)))
    )
    (fp_text user D7 (at 11.43 1.905) (layer F.SilkS)
      (effects (font (size 1 1) (thickness 0.15)))
    )
    (fp_text user D6 (at 11.43 -0.635) (layer F.SilkS)
      (effects (font (size 1 1) (thickness 0.15)))
    )
    (fp_text user D5 (at 11.43 -3.175) (layer F.SilkS)
      (effects (font (size 1 1) (thickness 0.15)))
    )
    (fp_text user G (at 11.43 -5.715) (layer F.SilkS)
      (effects (font (size 1 1) (thickness 0.15)))
    )
    (fp_text user 3V (at 11.43 -8.255) (layer F.SilkS)
      (effects (font (size 1 1) (thickness 0.15)))
    )
    (fp_text user D4 (at 11.43 -10.795) (layer F.SilkS)
      (effects (font (size 1 1) (thickness 0.15)))
    )
    (fp_text user D3 (at 11.43 -13.335) (layer F.SilkS)
      (effects (font (size 1 1) (thickness 0.15)))
    )
    (fp_text user D2 (at 11.43 -15.875) (layer F.Fab)
      (effects (font (size 1 1) (thickness 0.15)))
    )
    (fp_text user D1 (at 11.43 -18.415) (layer F.Fab)
      (effects (font (size 1 1) (thickness 0.15)))
    )
    (fp_text user D0 (at 11.53 -19.955) (layer F.SilkS)
      (effects (font (size 1 1) (thickness 0.15)))
    )
    (fp_circle (center 12.53 19.045) (end 14.03 19.045) (layer F.SilkS) (width 0.15))
    (fp_circle (center -12.47 19.045) (end -10.97 19.045) (layer F.SilkS) (width 0.15))
    (fp_circle (center -12.47 -25.455) (end -10.97 -25.455) (layer F.SilkS) (width 0.15))
    (fp_circle (center 12.53 -25.455) (end 14.03 -25.455) (layer F.SilkS) (width 0.15))
    (fp_line (start 15.03 -27.955) (end -14.97 -27.955) (layer F.SilkS) (width 0.15))
    (fp_line (start -14.97 -27.955) (end -14.97 21.545) (layer F.SilkS) (width 0.15))
    (fp_line (start -14.97 21.545) (end 15.03 21.545) (layer F.SilkS) (width 0.15))
    (fp_line (start 15.03 21.545) (end 15.03 -27.955) (layer F.SilkS) (width 0.15))
    (pad 1 thru_hole circle (at -13.97 -20.955) (size 1.524 1.524) (drill 0.762) (layers *.Cu *.Mask F.SilkS)
      (net 7 A0))
    (pad 2 thru_hole circle (at -13.97 -18.415) (size 1.524 1.524) (drill 0.762) (layers *.Cu *.Mask F.SilkS))
    (pad 3 thru_hole circle (at -13.97 -15.875) (size 1.524 1.524) (drill 0.762) (layers *.Cu *.Mask F.SilkS))
    (pad 4 thru_hole circle (at -13.97 -13.335) (size 1.524 1.524) (drill 0.762) (layers *.Cu *.Mask F.SilkS))
    (pad 5 thru_hole circle (at -13.97 -10.795) (size 1.524 1.524) (drill 0.762) (layers *.Cu *.Mask F.SilkS))
    (pad 6 thru_hole circle (at -13.97 -8.255) (size 1.524 1.524) (drill 0.762) (layers *.Cu *.Mask F.SilkS))
    (pad 7 thru_hole circle (at -13.97 -5.715) (size 1.524 1.524) (drill 0.762) (layers *.Cu *.Mask F.SilkS))
    (pad 8 thru_hole circle (at -13.97 -3.175) (size 1.524 1.524) (drill 0.762) (layers *.Cu *.Mask F.SilkS))
    (pad 9 thru_hole circle (at -13.97 -0.635) (size 1.524 1.524) (drill 0.762) (layers *.Cu *.Mask F.SilkS))
    (pad 10 thru_hole circle (at -13.97 1.905) (size 1.524 1.524) (drill 0.762) (layers *.Cu *.Mask F.SilkS)
      (net 1 GND))
    (pad 11 thru_hole circle (at -13.97 4.445) (size 1.524 1.524) (drill 0.762) (layers *.Cu *.Mask F.SilkS)
      (net 3 3V3))
    (pad 12 thru_hole circle (at -13.97 6.985) (size 1.524 1.524) (drill 0.762) (layers *.Cu *.Mask F.SilkS))
    (pad 13 thru_hole circle (at -13.97 9.525) (size 1.524 1.524) (drill 0.762) (layers *.Cu *.Mask F.SilkS)
      (net 5 RESET))
    (pad 14 thru_hole circle (at -13.97 12.065) (size 1.524 1.524) (drill 0.762) (layers *.Cu *.Mask F.SilkS)
      (net 1 GND))
    (pad 15 thru_hole circle (at -13.97 14.605) (size 1.524 1.524) (drill 0.762) (layers *.Cu *.Mask F.SilkS)
      (net 18 /PWR))
    (pad 16 thru_hole circle (at 13.97 14.605) (size 1.524 1.524) (drill 0.762) (layers *.Cu *.Mask F.SilkS)
      (net 3 3V3))
    (pad 17 thru_hole circle (at 13.97 12.065) (size 1.524 1.524) (drill 0.762) (layers *.Cu *.Mask F.SilkS)
      (net 1 GND))
    (pad 18 thru_hole circle (at 13.97 9.525) (size 1.524 1.524) (drill 0.762) (layers *.Cu *.Mask F.SilkS))
    (pad 19 thru_hole circle (at 13.97 6.985) (size 1.524 1.524) (drill 0.762) (layers *.Cu *.Mask F.SilkS))
    (pad 20 thru_hole circle (at 13.97 4.445) (size 1.524 1.524) (drill 0.762) (layers *.Cu *.Mask F.SilkS))
    (pad 21 thru_hole circle (at 13.97 1.905) (size 1.524 1.524) (drill 0.762) (layers *.Cu *.Mask F.SilkS)
      (net 8 "Net-(U1-Pad21)"))
    (pad 22 thru_hole circle (at 13.97 -0.635) (size 1.524 1.524) (drill 0.762) (layers *.Cu *.Mask F.SilkS)
      (net 9 "Net-(U1-Pad22)"))
    (pad 23 thru_hole circle (at 13.97 -3.175) (size 1.524 1.524) (drill 0.762) (layers *.Cu *.Mask F.SilkS)
      (net 10 "Net-(U1-Pad23)"))
    (pad 24 thru_hole circle (at 13.97 -5.715) (size 1.524 1.524) (drill 0.762) (layers *.Cu *.Mask F.SilkS)
      (net 1 GND))
    (pad 25 thru_hole circle (at 13.97 -8.255) (size 1.524 1.524) (drill 0.762) (layers *.Cu *.Mask F.SilkS)
      (net 3 3V3))
    (pad 26 thru_hole circle (at 13.97 -10.795) (size 1.524 1.524) (drill 0.762) (layers *.Cu *.Mask F.SilkS))
    (pad 27 thru_hole circle (at 13.97 -13.335) (size 1.524 1.524) (drill 0.762) (layers *.Cu *.Mask F.SilkS))
    (pad 28 thru_hole circle (at 13.97 -15.875) (size 1.524 1.524) (drill 0.762) (layers *.Cu *.Mask F.SilkS))
    (pad 29 thru_hole circle (at 13.97 -18.415) (size 1.524 1.524) (drill 0.762) (layers *.Cu *.Mask F.SilkS)
      (net 2 SENSE_PWR))
    (pad 30 thru_hole circle (at 13.97 -20.955) (size 1.524 1.524) (drill 0.762) (layers *.Cu *.Mask F.SilkS)
      (net 6 "Net-(SW1-Pad2)"))
  )

  (module Connector_PinHeader_2.54mm:PinHeader_1x02_P2.54mm_Vertical (layer F.Cu) (tedit 5DC00726) (tstamp 5DCABC75)
    (at 129.52 108.585 180)
    (descr "Through hole straight pin header, 1x02, 2.54mm pitch, single row")
    (tags "Through hole pin header THT 1x02 2.54mm single row")
    (path /5DBF0754)
    (fp_text reference SW2 (at 0 -2.33 180) (layer F.Fab)
      (effects (font (size 0.8 0.8) (thickness 0.15)))
    )
    (fp_text value SW (at 0 4.87 180) (layer F.Fab)
      (effects (font (size 1 1) (thickness 0.15)))
    )
    (fp_line (start -0.635 -1.27) (end 1.27 -1.27) (layer F.Fab) (width 0.1))
    (fp_line (start 1.27 -1.27) (end 1.27 3.81) (layer F.Fab) (width 0.1))
    (fp_line (start 1.27 3.81) (end -1.27 3.81) (layer F.Fab) (width 0.1))
    (fp_line (start -1.27 3.81) (end -1.27 -0.635) (layer F.Fab) (width 0.1))
    (fp_line (start -1.27 -0.635) (end -0.635 -1.27) (layer F.Fab) (width 0.1))
    (fp_line (start -1.33 3.87) (end 1.33 3.87) (layer F.SilkS) (width 0.12))
    (fp_line (start -1.33 1.27) (end -1.33 3.87) (layer F.SilkS) (width 0.12))
    (fp_line (start 1.33 1.27) (end 1.33 3.87) (layer F.SilkS) (width 0.12))
    (fp_line (start -1.33 1.27) (end 1.33 1.27) (layer F.SilkS) (width 0.12))
    (fp_line (start -1.33 0) (end -1.33 -1.33) (layer F.SilkS) (width 0.12))
    (fp_line (start -1.33 -1.33) (end 0 -1.33) (layer F.SilkS) (width 0.12))
    (fp_line (start -1.8 -1.8) (end -1.8 4.35) (layer F.CrtYd) (width 0.05))
    (fp_line (start -1.8 4.35) (end 1.8 4.35) (layer F.CrtYd) (width 0.05))
    (fp_line (start 1.8 4.35) (end 1.8 -1.8) (layer F.CrtYd) (width 0.05))
    (fp_line (start 1.8 -1.8) (end -1.8 -1.8) (layer F.CrtYd) (width 0.05))
    (fp_text user %R (at 0 1.27 270) (layer F.Fab)
      (effects (font (size 1 1) (thickness 0.15)))
    )
    (pad 1 thru_hole rect (at 0 0 180) (size 1.7 1.7) (drill 1) (layers *.Cu *.Mask)
      (net 17 "Net-(F1-Pad1)"))
    (pad 2 thru_hole oval (at 0 2.54 180) (size 1.7 1.7) (drill 1) (layers *.Cu *.Mask)
      (net 18 /PWR))
    (model ${KISYS3DMOD}/Connector_PinHeader_2.54mm.3dshapes/PinHeader_1x02_P2.54mm_Vertical.wrl
      (at (xyz 0 0 0))
      (scale (xyz 1 1 1))
      (rotate (xyz 0 0 0))
    )
  )

  (module tp4056:tp4056 (layer F.Cu) (tedit 5DC00F59) (tstamp 5DCB5FA7)
    (at 115.62 89.945 90)
    (descr "Through hole straight pin header, 1x02, 2.54mm pitch, single row")
    (tags "Through hole pin header THT 1x02 2.54mm single row")
    (path /5DBF418E)
    (fp_text reference J4 (at 0 -2.33 90) (layer F.Fab)
      (effects (font (size 0.8 0.8) (thickness 0.15)))
    )
    (fp_text value PWR (at 0 9.25 180) (layer F.Fab)
      (effects (font (size 1 1) (thickness 0.15)))
    )
    (fp_line (start 1.27 15.31) (end -1.27 15.31) (layer F.Fab) (width 0.1))
    (fp_line (start -1.33 15.37) (end 1.33 15.37) (layer F.SilkS) (width 0.12))
    (fp_line (start -1.33 12.77) (end -1.33 15.37) (layer F.SilkS) (width 0.12))
    (fp_line (start 1.33 12.77) (end 1.33 15.37) (layer F.SilkS) (width 0.12))
    (fp_line (start -1.33 12.77) (end 1.33 12.77) (layer F.SilkS) (width 0.12))
    (fp_line (start -1.33 0) (end -1.33 -1.33) (layer F.SilkS) (width 0.12))
    (fp_line (start -1.33 -1.33) (end 0 -1.33) (layer F.SilkS) (width 0.12))
    (fp_text user %R (at 0 3.5) (layer F.Fab)
      (effects (font (size 1 1) (thickness 0.15)))
    )
    (pad 1 thru_hole rect (at 0 0 90) (size 1.7 1.7) (drill 1) (layers *.Cu *.Mask)
      (net 1 GND))
    (pad 2 thru_hole oval (at 0 14 90) (size 1.7 1.7) (drill 1) (layers *.Cu *.Mask)
      (net 19 /OUT+))
    (model ${KISYS3DMOD}/Connector_PinHeader_2.54mm.3dshapes/PinHeader_1x02_P2.54mm_Vertical.wrl
      (at (xyz 0 0 0))
      (scale (xyz 1 1 1))
      (rotate (xyz 0 0 0))
    )
  )

  (module Capacitor_SMD:C_0603_1608Metric_Pad1.05x0.95mm_HandSolder (layer F.Cu) (tedit 5B301BBE) (tstamp 5DD4AAC4)
    (at 155.62 71.945 270)
    (descr "Capacitor SMD 0603 (1608 Metric), square (rectangular) end terminal, IPC_7351 nominal with elongated pad for handsoldering. (Body size source: http://www.tortai-tech.com/upload/download/2011102023233369053.pdf), generated with kicad-footprint-generator")
    (tags "capacitor handsolder")
    (path /5DBC5262)
    (attr smd)
    (fp_text reference C2 (at 0 -1.43 270) (layer F.SilkS)
      (effects (font (size 0.8 0.8) (thickness 0.15)))
    )
    (fp_text value 1uF (at 0 1.43 270) (layer F.Fab)
      (effects (font (size 1 1) (thickness 0.15)))
    )
    (fp_text user %R (at 0 0 270) (layer F.Fab)
      (effects (font (size 0.4 0.4) (thickness 0.06)))
    )
    (fp_line (start 1.65 0.73) (end -1.65 0.73) (layer F.CrtYd) (width 0.05))
    (fp_line (start 1.65 -0.73) (end 1.65 0.73) (layer F.CrtYd) (width 0.05))
    (fp_line (start -1.65 -0.73) (end 1.65 -0.73) (layer F.CrtYd) (width 0.05))
    (fp_line (start -1.65 0.73) (end -1.65 -0.73) (layer F.CrtYd) (width 0.05))
    (fp_line (start -0.171267 0.51) (end 0.171267 0.51) (layer F.SilkS) (width 0.12))
    (fp_line (start -0.171267 -0.51) (end 0.171267 -0.51) (layer F.SilkS) (width 0.12))
    (fp_line (start 0.8 0.4) (end -0.8 0.4) (layer F.Fab) (width 0.1))
    (fp_line (start 0.8 -0.4) (end 0.8 0.4) (layer F.Fab) (width 0.1))
    (fp_line (start -0.8 -0.4) (end 0.8 -0.4) (layer F.Fab) (width 0.1))
    (fp_line (start -0.8 0.4) (end -0.8 -0.4) (layer F.Fab) (width 0.1))
    (pad 2 smd roundrect (at 0.875 0 270) (size 1.05 0.95) (layers F.Cu F.Paste F.Mask) (roundrect_rratio 0.25)
      (net 1 GND))
    (pad 1 smd roundrect (at -0.875 0 270) (size 1.05 0.95) (layers F.Cu F.Paste F.Mask) (roundrect_rratio 0.25)
      (net 2 SENSE_PWR))
    (model ${KISYS3DMOD}/Capacitor_SMD.3dshapes/C_0603_1608Metric.wrl
      (at (xyz 0 0 0))
      (scale (xyz 1 1 1))
      (rotate (xyz 0 0 0))
    )
  )

  (module Fuse:Fuse_1812_4532Metric_Pad1.30x3.40mm_HandSolder (layer F.Cu) (tedit 5B301BBE) (tstamp 5DCABC0A)
    (at 124.12 106.345 90)
    (descr "Fuse SMD 1812 (4532 Metric), square (rectangular) end terminal, IPC_7351 nominal with elongated pad for handsoldering. (Body size source: https://www.nikhef.nl/pub/departments/mt/projects/detectorR_D/dtddice/ERJ2G.pdf), generated with kicad-footprint-generator")
    (tags "resistor handsolder")
    (path /5DBEC73F)
    (attr smd)
    (fp_text reference F1 (at 0 -2.65 90) (layer F.SilkS)
      (effects (font (size 0.8 0.8) (thickness 0.15)))
    )
    (fp_text value Polyfuse (at 0 2.65 90) (layer F.Fab)
      (effects (font (size 1 1) (thickness 0.15)))
    )
    (fp_line (start -2.25 1.6) (end -2.25 -1.6) (layer F.Fab) (width 0.1))
    (fp_line (start -2.25 -1.6) (end 2.25 -1.6) (layer F.Fab) (width 0.1))
    (fp_line (start 2.25 -1.6) (end 2.25 1.6) (layer F.Fab) (width 0.1))
    (fp_line (start 2.25 1.6) (end -2.25 1.6) (layer F.Fab) (width 0.1))
    (fp_line (start -1.386252 -1.71) (end 1.386252 -1.71) (layer F.SilkS) (width 0.12))
    (fp_line (start -1.386252 1.71) (end 1.386252 1.71) (layer F.SilkS) (width 0.12))
    (fp_line (start -3.12 1.95) (end -3.12 -1.95) (layer F.CrtYd) (width 0.05))
    (fp_line (start -3.12 -1.95) (end 3.12 -1.95) (layer F.CrtYd) (width 0.05))
    (fp_line (start 3.12 -1.95) (end 3.12 1.95) (layer F.CrtYd) (width 0.05))
    (fp_line (start 3.12 1.95) (end -3.12 1.95) (layer F.CrtYd) (width 0.05))
    (fp_text user %R (at 0 0 90) (layer F.Fab)
      (effects (font (size 1 1) (thickness 0.15)))
    )
    (pad 1 smd roundrect (at -2.225 0 90) (size 1.3 3.4) (layers F.Cu F.Paste F.Mask) (roundrect_rratio 0.192308)
      (net 17 "Net-(F1-Pad1)"))
    (pad 2 smd roundrect (at 2.225 0 90) (size 1.3 3.4) (layers F.Cu F.Paste F.Mask) (roundrect_rratio 0.192308)
      (net 19 /OUT+))
    (model ${KISYS3DMOD}/Fuse.3dshapes/Fuse_1812_4532Metric.wrl
      (at (xyz 0 0 0))
      (scale (xyz 1 1 1))
      (rotate (xyz 0 0 0))
    )
  )

  (module Capacitor_SMD:C_0603_1608Metric_Pad1.05x0.95mm_HandSolder (layer F.Cu) (tedit 5B301BBE) (tstamp 5DD4AAB3)
    (at 158.12 71.945 270)
    (descr "Capacitor SMD 0603 (1608 Metric), square (rectangular) end terminal, IPC_7351 nominal with elongated pad for handsoldering. (Body size source: http://www.tortai-tech.com/upload/download/2011102023233369053.pdf), generated with kicad-footprint-generator")
    (tags "capacitor handsolder")
    (path /5DBC50F4)
    (attr smd)
    (fp_text reference C1 (at 0 -1.43 270) (layer F.SilkS)
      (effects (font (size 0.8 0.8) (thickness 0.15)))
    )
    (fp_text value 0.1uf (at 0 1.43 270) (layer F.Fab)
      (effects (font (size 1 1) (thickness 0.15)))
    )
    (fp_line (start -0.8 0.4) (end -0.8 -0.4) (layer F.Fab) (width 0.1))
    (fp_line (start -0.8 -0.4) (end 0.8 -0.4) (layer F.Fab) (width 0.1))
    (fp_line (start 0.8 -0.4) (end 0.8 0.4) (layer F.Fab) (width 0.1))
    (fp_line (start 0.8 0.4) (end -0.8 0.4) (layer F.Fab) (width 0.1))
    (fp_line (start -0.171267 -0.51) (end 0.171267 -0.51) (layer F.SilkS) (width 0.12))
    (fp_line (start -0.171267 0.51) (end 0.171267 0.51) (layer F.SilkS) (width 0.12))
    (fp_line (start -1.65 0.73) (end -1.65 -0.73) (layer F.CrtYd) (width 0.05))
    (fp_line (start -1.65 -0.73) (end 1.65 -0.73) (layer F.CrtYd) (width 0.05))
    (fp_line (start 1.65 -0.73) (end 1.65 0.73) (layer F.CrtYd) (width 0.05))
    (fp_line (start 1.65 0.73) (end -1.65 0.73) (layer F.CrtYd) (width 0.05))
    (fp_text user %R (at 0 0 270) (layer F.Fab)
      (effects (font (size 0.4 0.4) (thickness 0.06)))
    )
    (pad 1 smd roundrect (at -0.875 0 270) (size 1.05 0.95) (layers F.Cu F.Paste F.Mask) (roundrect_rratio 0.25)
      (net 2 SENSE_PWR))
    (pad 2 smd roundrect (at 0.875 0 270) (size 1.05 0.95) (layers F.Cu F.Paste F.Mask) (roundrect_rratio 0.25)
      (net 1 GND))
    (model ${KISYS3DMOD}/Capacitor_SMD.3dshapes/C_0603_1608Metric.wrl
      (at (xyz 0 0 0))
      (scale (xyz 1 1 1))
      (rotate (xyz 0 0 0))
    )
  )

  (module Capacitor_SMD:C_0603_1608Metric_Pad1.05x0.95mm_HandSolder (layer F.Cu) (tedit 5B301BBE) (tstamp 5DCB6A7C)
    (at 142.42 104.345)
    (descr "Capacitor SMD 0603 (1608 Metric), square (rectangular) end terminal, IPC_7351 nominal with elongated pad for handsoldering. (Body size source: http://www.tortai-tech.com/upload/download/2011102023233369053.pdf), generated with kicad-footprint-generator")
    (tags "capacitor handsolder")
    (path /5DBC2404)
    (attr smd)
    (fp_text reference C3 (at 0 1.3) (layer F.SilkS)
      (effects (font (size 0.8 0.8) (thickness 0.15)))
    )
    (fp_text value 1uF (at 0 1.43) (layer F.Fab)
      (effects (font (size 1 1) (thickness 0.15)))
    )
    (fp_text user %R (at 0 0) (layer F.Fab)
      (effects (font (size 0.4 0.4) (thickness 0.06)))
    )
    (fp_line (start 1.65 0.73) (end -1.65 0.73) (layer F.CrtYd) (width 0.05))
    (fp_line (start 1.65 -0.73) (end 1.65 0.73) (layer F.CrtYd) (width 0.05))
    (fp_line (start -1.65 -0.73) (end 1.65 -0.73) (layer F.CrtYd) (width 0.05))
    (fp_line (start -1.65 0.73) (end -1.65 -0.73) (layer F.CrtYd) (width 0.05))
    (fp_line (start -0.171267 0.51) (end 0.171267 0.51) (layer F.SilkS) (width 0.12))
    (fp_line (start -0.171267 -0.51) (end 0.171267 -0.51) (layer F.SilkS) (width 0.12))
    (fp_line (start 0.8 0.4) (end -0.8 0.4) (layer F.Fab) (width 0.1))
    (fp_line (start 0.8 -0.4) (end 0.8 0.4) (layer F.Fab) (width 0.1))
    (fp_line (start -0.8 -0.4) (end 0.8 -0.4) (layer F.Fab) (width 0.1))
    (fp_line (start -0.8 0.4) (end -0.8 -0.4) (layer F.Fab) (width 0.1))
    (pad 2 smd roundrect (at 0.875 0) (size 1.05 0.95) (layers F.Cu F.Paste F.Mask) (roundrect_rratio 0.25)
      (net 1 GND))
    (pad 1 smd roundrect (at -0.875 0) (size 1.05 0.95) (layers F.Cu F.Paste F.Mask) (roundrect_rratio 0.25)
      (net 18 /PWR))
    (model ${KISYS3DMOD}/Capacitor_SMD.3dshapes/C_0603_1608Metric.wrl
      (at (xyz 0 0 0))
      (scale (xyz 1 1 1))
      (rotate (xyz 0 0 0))
    )
  )

  (module Capacitor_SMD:C_0603_1608Metric_Pad1.05x0.95mm_HandSolder (layer F.Cu) (tedit 5DC00A58) (tstamp 5DD4AAE6)
    (at 142.42 96.745 180)
    (descr "Capacitor SMD 0603 (1608 Metric), square (rectangular) end terminal, IPC_7351 nominal with elongated pad for handsoldering. (Body size source: http://www.tortai-tech.com/upload/download/2011102023233369053.pdf), generated with kicad-footprint-generator")
    (tags "capacitor handsolder")
    (path /5DBC2493)
    (attr smd)
    (fp_text reference C4 (at 0 1.2 180) (layer F.SilkS)
      (effects (font (size 0.8 0.8) (thickness 0.15)))
    )
    (fp_text value 1uF (at 0 1.43 180) (layer F.Fab)
      (effects (font (size 1 1) (thickness 0.15)))
    )
    (fp_line (start -0.8 0.4) (end -0.8 -0.4) (layer F.Fab) (width 0.1))
    (fp_line (start -0.8 -0.4) (end 0.8 -0.4) (layer F.Fab) (width 0.1))
    (fp_line (start 0.8 -0.4) (end 0.8 0.4) (layer F.Fab) (width 0.1))
    (fp_line (start 0.8 0.4) (end -0.8 0.4) (layer F.Fab) (width 0.1))
    (fp_line (start -0.171267 -0.51) (end 0.171267 -0.51) (layer F.SilkS) (width 0.12))
    (fp_line (start -0.171267 0.51) (end 0.171267 0.51) (layer F.SilkS) (width 0.12))
    (fp_line (start -1.65 0.73) (end -1.65 -0.73) (layer F.CrtYd) (width 0.05))
    (fp_line (start -1.65 -0.73) (end 1.65 -0.73) (layer F.CrtYd) (width 0.05))
    (fp_line (start 1.65 -0.73) (end 1.65 0.73) (layer F.CrtYd) (width 0.05))
    (fp_line (start 1.65 0.73) (end -1.65 0.73) (layer F.CrtYd) (width 0.05))
    (fp_text user %R (at 0 0 180) (layer F.Fab)
      (effects (font (size 0.4 0.4) (thickness 0.06)))
    )
    (pad 1 smd roundrect (at -0.875 0 180) (size 1.05 0.95) (layers F.Cu F.Paste F.Mask) (roundrect_rratio 0.25)
      (net 3 3V3))
    (pad 2 smd roundrect (at 0.875 0 180) (size 1.05 0.95) (layers F.Cu F.Paste F.Mask) (roundrect_rratio 0.25)
      (net 1 GND))
    (model ${KISYS3DMOD}/Capacitor_SMD.3dshapes/C_0603_1608Metric.wrl
      (at (xyz 0 0 0))
      (scale (xyz 1 1 1))
      (rotate (xyz 0 0 0))
    )
  )

  (module Resistor_SMD:R_0603_1608Metric_Pad1.05x0.95mm_HandSolder (layer F.Cu) (tedit 5B301BBD) (tstamp 5DD4AB26)
    (at 147.715 100.425)
    (descr "Resistor SMD 0603 (1608 Metric), square (rectangular) end terminal, IPC_7351 nominal with elongated pad for handsoldering. (Body size source: http://www.tortai-tech.com/upload/download/2011102023233369053.pdf), generated with kicad-footprint-generator")
    (tags "resistor handsolder")
    (path /5DBCB134)
    (attr smd)
    (fp_text reference R1 (at 0 -1.18) (layer F.SilkS)
      (effects (font (size 0.8 0.8) (thickness 0.15)))
    )
    (fp_text value 100K (at 0 1.43) (layer F.Fab)
      (effects (font (size 1 1) (thickness 0.15)))
    )
    (fp_line (start -0.8 0.4) (end -0.8 -0.4) (layer F.Fab) (width 0.1))
    (fp_line (start -0.8 -0.4) (end 0.8 -0.4) (layer F.Fab) (width 0.1))
    (fp_line (start 0.8 -0.4) (end 0.8 0.4) (layer F.Fab) (width 0.1))
    (fp_line (start 0.8 0.4) (end -0.8 0.4) (layer F.Fab) (width 0.1))
    (fp_line (start -0.171267 -0.51) (end 0.171267 -0.51) (layer F.SilkS) (width 0.12))
    (fp_line (start -0.171267 0.51) (end 0.171267 0.51) (layer F.SilkS) (width 0.12))
    (fp_line (start -1.65 0.73) (end -1.65 -0.73) (layer F.CrtYd) (width 0.05))
    (fp_line (start -1.65 -0.73) (end 1.65 -0.73) (layer F.CrtYd) (width 0.05))
    (fp_line (start 1.65 -0.73) (end 1.65 0.73) (layer F.CrtYd) (width 0.05))
    (fp_line (start 1.65 0.73) (end -1.65 0.73) (layer F.CrtYd) (width 0.05))
    (fp_text user %R (at 0 0) (layer F.Fab)
      (effects (font (size 0.4 0.4) (thickness 0.06)))
    )
    (pad 1 smd roundrect (at -0.875 0) (size 1.05 0.95) (layers F.Cu F.Paste F.Mask) (roundrect_rratio 0.25)
      (net 18 /PWR))
    (pad 2 smd roundrect (at 0.875 0) (size 1.05 0.95) (layers F.Cu F.Paste F.Mask) (roundrect_rratio 0.25)
      (net 4 BATT_SENSE))
    (model ${KISYS3DMOD}/Resistor_SMD.3dshapes/R_0603_1608Metric.wrl
      (at (xyz 0 0 0))
      (scale (xyz 1 1 1))
      (rotate (xyz 0 0 0))
    )
  )

  (module Resistor_SMD:R_0603_1608Metric_Pad1.05x0.95mm_HandSolder (layer F.Cu) (tedit 5B301BBD) (tstamp 5DD4B5CF)
    (at 147.715 102.175 180)
    (descr "Resistor SMD 0603 (1608 Metric), square (rectangular) end terminal, IPC_7351 nominal with elongated pad for handsoldering. (Body size source: http://www.tortai-tech.com/upload/download/2011102023233369053.pdf), generated with kicad-footprint-generator")
    (tags "resistor handsolder")
    (path /5DBCB6E2)
    (attr smd)
    (fp_text reference R2 (at 0 -1.17 180) (layer F.SilkS)
      (effects (font (size 0.8 0.8) (thickness 0.15)))
    )
    (fp_text value 100K (at 0 1.43 180) (layer F.Fab)
      (effects (font (size 1 1) (thickness 0.15)))
    )
    (fp_text user %R (at 0 0 180) (layer F.Fab)
      (effects (font (size 0.4 0.4) (thickness 0.06)))
    )
    (fp_line (start 1.65 0.73) (end -1.65 0.73) (layer F.CrtYd) (width 0.05))
    (fp_line (start 1.65 -0.73) (end 1.65 0.73) (layer F.CrtYd) (width 0.05))
    (fp_line (start -1.65 -0.73) (end 1.65 -0.73) (layer F.CrtYd) (width 0.05))
    (fp_line (start -1.65 0.73) (end -1.65 -0.73) (layer F.CrtYd) (width 0.05))
    (fp_line (start -0.171267 0.51) (end 0.171267 0.51) (layer F.SilkS) (width 0.12))
    (fp_line (start -0.171267 -0.51) (end 0.171267 -0.51) (layer F.SilkS) (width 0.12))
    (fp_line (start 0.8 0.4) (end -0.8 0.4) (layer F.Fab) (width 0.1))
    (fp_line (start 0.8 -0.4) (end 0.8 0.4) (layer F.Fab) (width 0.1))
    (fp_line (start -0.8 -0.4) (end 0.8 -0.4) (layer F.Fab) (width 0.1))
    (fp_line (start -0.8 0.4) (end -0.8 -0.4) (layer F.Fab) (width 0.1))
    (pad 2 smd roundrect (at 0.875 0 180) (size 1.05 0.95) (layers F.Cu F.Paste F.Mask) (roundrect_rratio 0.25)
      (net 1 GND))
    (pad 1 smd roundrect (at -0.875 0 180) (size 1.05 0.95) (layers F.Cu F.Paste F.Mask) (roundrect_rratio 0.25)
      (net 4 BATT_SENSE))
    (model ${KISYS3DMOD}/Resistor_SMD.3dshapes/R_0603_1608Metric.wrl
      (at (xyz 0 0 0))
      (scale (xyz 1 1 1))
      (rotate (xyz 0 0 0))
    )
  )

  (module Resistor_SMD:R_0603_1608Metric_Pad1.05x0.95mm_HandSolder (layer F.Cu) (tedit 5B301BBD) (tstamp 5DD3D0DA)
    (at 156.21 75.565 180)
    (descr "Resistor SMD 0603 (1608 Metric), square (rectangular) end terminal, IPC_7351 nominal with elongated pad for handsoldering. (Body size source: http://www.tortai-tech.com/upload/download/2011102023233369053.pdf), generated with kicad-footprint-generator")
    (tags "resistor handsolder")
    (path /5DBCE5B9)
    (attr smd)
    (fp_text reference R3 (at 0 1.12 180) (layer F.SilkS)
      (effects (font (size 0.8 0.8) (thickness 0.15)))
    )
    (fp_text value 10K (at 0 1.43 180) (layer F.Fab)
      (effects (font (size 1 1) (thickness 0.15)))
    )
    (fp_line (start -0.8 0.4) (end -0.8 -0.4) (layer F.Fab) (width 0.1))
    (fp_line (start -0.8 -0.4) (end 0.8 -0.4) (layer F.Fab) (width 0.1))
    (fp_line (start 0.8 -0.4) (end 0.8 0.4) (layer F.Fab) (width 0.1))
    (fp_line (start 0.8 0.4) (end -0.8 0.4) (layer F.Fab) (width 0.1))
    (fp_line (start -0.171267 -0.51) (end 0.171267 -0.51) (layer F.SilkS) (width 0.12))
    (fp_line (start -0.171267 0.51) (end 0.171267 0.51) (layer F.SilkS) (width 0.12))
    (fp_line (start -1.65 0.73) (end -1.65 -0.73) (layer F.CrtYd) (width 0.05))
    (fp_line (start -1.65 -0.73) (end 1.65 -0.73) (layer F.CrtYd) (width 0.05))
    (fp_line (start 1.65 -0.73) (end 1.65 0.73) (layer F.CrtYd) (width 0.05))
    (fp_line (start 1.65 0.73) (end -1.65 0.73) (layer F.CrtYd) (width 0.05))
    (fp_text user %R (at 0 0 180) (layer F.Fab)
      (effects (font (size 0.4 0.4) (thickness 0.06)))
    )
    (pad 1 smd roundrect (at -0.875 0 180) (size 1.05 0.95) (layers F.Cu F.Paste F.Mask) (roundrect_rratio 0.25)
      (net 2 SENSE_PWR))
    (pad 2 smd roundrect (at 0.875 0 180) (size 1.05 0.95) (layers F.Cu F.Paste F.Mask) (roundrect_rratio 0.25)
      (net 11 SOIL_1))
    (model ${KISYS3DMOD}/Resistor_SMD.3dshapes/R_0603_1608Metric.wrl
      (at (xyz 0 0 0))
      (scale (xyz 1 1 1))
      (rotate (xyz 0 0 0))
    )
  )

  (module Resistor_SMD:R_0603_1608Metric_Pad1.05x0.95mm_HandSolder (layer F.Cu) (tedit 5B301BBD) (tstamp 5DBCAF13)
    (at 156.21 78.105 180)
    (descr "Resistor SMD 0603 (1608 Metric), square (rectangular) end terminal, IPC_7351 nominal with elongated pad for handsoldering. (Body size source: http://www.tortai-tech.com/upload/download/2011102023233369053.pdf), generated with kicad-footprint-generator")
    (tags "resistor handsolder")
    (path /5DBD7690)
    (attr smd)
    (fp_text reference R4 (at 0 1.06 180) (layer F.SilkS)
      (effects (font (size 0.8 0.8) (thickness 0.15)))
    )
    (fp_text value 10K (at 0 1.43 180) (layer F.Fab)
      (effects (font (size 1 1) (thickness 0.15)))
    )
    (fp_text user %R (at 0 0 180) (layer F.Fab)
      (effects (font (size 0.4 0.4) (thickness 0.06)))
    )
    (fp_line (start 1.65 0.73) (end -1.65 0.73) (layer F.CrtYd) (width 0.05))
    (fp_line (start 1.65 -0.73) (end 1.65 0.73) (layer F.CrtYd) (width 0.05))
    (fp_line (start -1.65 -0.73) (end 1.65 -0.73) (layer F.CrtYd) (width 0.05))
    (fp_line (start -1.65 0.73) (end -1.65 -0.73) (layer F.CrtYd) (width 0.05))
    (fp_line (start -0.171267 0.51) (end 0.171267 0.51) (layer F.SilkS) (width 0.12))
    (fp_line (start -0.171267 -0.51) (end 0.171267 -0.51) (layer F.SilkS) (width 0.12))
    (fp_line (start 0.8 0.4) (end -0.8 0.4) (layer F.Fab) (width 0.1))
    (fp_line (start 0.8 -0.4) (end 0.8 0.4) (layer F.Fab) (width 0.1))
    (fp_line (start -0.8 -0.4) (end 0.8 -0.4) (layer F.Fab) (width 0.1))
    (fp_line (start -0.8 0.4) (end -0.8 -0.4) (layer F.Fab) (width 0.1))
    (pad 2 smd roundrect (at 0.875 0 180) (size 1.05 0.95) (layers F.Cu F.Paste F.Mask) (roundrect_rratio 0.25)
      (net 12 SOIL_2))
    (pad 1 smd roundrect (at -0.875 0 180) (size 1.05 0.95) (layers F.Cu F.Paste F.Mask) (roundrect_rratio 0.25)
      (net 2 SENSE_PWR))
    (model ${KISYS3DMOD}/Resistor_SMD.3dshapes/R_0603_1608Metric.wrl
      (at (xyz 0 0 0))
      (scale (xyz 1 1 1))
      (rotate (xyz 0 0 0))
    )
  )

