(kicad_pcb (version 20171130) (host pcbnew 5.0.2-bee76a0~70~ubuntu16.04.1)

  (general
    (thickness 1.6)
    (drawings 38)
    (tracks 168)
    (zones 0)
    (modules 42)
    (nets 26)
  )

  (page A4)
  (layers
    (0 F.Cu signal)
    (31 B.Cu signal)
    (32 B.Adhes user)
    (33 F.Adhes user)
    (34 B.Paste user)
    (35 F.Paste user)
    (36 B.SilkS user hide)
    (37 F.SilkS user)
    (38 B.Mask user)
    (39 F.Mask user)
    (40 Dwgs.User user)
    (41 Cmts.User user)
    (42 Eco1.User user)
    (43 Eco2.User user)
    (44 Edge.Cuts user)
    (45 Margin user)
    (46 B.CrtYd user hide)
    (47 F.CrtYd user hide)
    (48 B.Fab user hide)
    (49 F.Fab user hide)
  )

  (setup
    (last_trace_width 0.25)
    (trace_clearance 0.2)
    (zone_clearance 0.508)
    (zone_45_only no)
    (trace_min 0.2)
    (segment_width 0.2)
    (edge_width 0.15)
    (via_size 0.8)
    (via_drill 0.4)
    (via_min_size 0.4)
    (via_min_drill 0.3)
    (uvia_size 0.3)
    (uvia_drill 0.1)
    (uvias_allowed no)
    (uvia_min_size 0.2)
    (uvia_min_drill 0.1)
    (pcb_text_width 0.3)
    (pcb_text_size 1.5 1.5)
    (mod_edge_width 0.15)
    (mod_text_size 0.8 0.8)
    (mod_text_width 0.15)
    (pad_size 1.524 1.524)
    (pad_drill 0.762)
    (pad_to_mask_clearance 0)
    (solder_mask_min_width 0.25)
    (aux_axis_origin 0 0)
    (grid_origin 134.62 67.945)
    (visible_elements FFFFF77F)
    (pcbplotparams
      (layerselection 0x010f0_ffffffff)
      (usegerberextensions true)
      (usegerberattributes false)
      (usegerberadvancedattributes false)
      (creategerberjobfile false)
      (excludeedgelayer true)
      (linewidth 0.500000)
      (plotframeref false)
      (viasonmask false)
      (mode 1)
      (useauxorigin false)
      (hpglpennumber 1)
      (hpglpenspeed 20)
      (hpglpendiameter 15.000000)
      (psnegative false)
      (psa4output false)
      (plotreference true)
      (plotvalue true)
      (plotinvisibletext false)
      (padsonsilk false)
      (subtractmaskfromsilk false)
      (outputformat 1)
      (mirror false)
      (drillshape 0)
      (scaleselection 1)
      (outputdirectory "../gerbers/"))
  )

  (net 0 "")
  (net 1 GND)
  (net 2 3V3)
  (net 3 BATT_SENSE)
  (net 4 A0)
  (net 5 "Net-(U1-Pad21)")
  (net 6 "Net-(U1-Pad22)")
  (net 7 "Net-(U1-Pad23)")
  (net 8 SOIL_1)
  (net 9 SOIL_2)
  (net 10 SOIL_3)
  (net 11 SOIL_4)
  (net 12 SOIL_5)
  (net 13 SOIL_6)
  (net 14 /OUT+)
  (net 15 /VBAT)
  (net 16 "Net-(C7-Pad1)")
  (net 17 "Net-(Q1-Pad1)")
  (net 18 "Net-(Q1-Pad3)")
  (net 19 "Net-(Q3-Pad1)")
  (net 20 "Net-(Q3-Pad3)")
  (net 21 "Net-(R13-Pad1)")
  (net 22 "Net-(R13-Pad2)")
  (net 23 DONE)
  (net 24 "Net-(U2-Pad5)")
  (net 25 "Net-(D1-Pad2)")

  (net_class Default "This is the default net class."
    (clearance 0.2)
    (trace_width 0.25)
    (via_dia 0.8)
    (via_drill 0.4)
    (uvia_dia 0.3)
    (uvia_drill 0.1)
    (add_net A0)
    (add_net BATT_SENSE)
    (add_net DONE)
    (add_net GND)
    (add_net "Net-(C7-Pad1)")
    (add_net "Net-(D1-Pad2)")
    (add_net "Net-(Q1-Pad1)")
    (add_net "Net-(Q1-Pad3)")
    (add_net "Net-(Q3-Pad1)")
    (add_net "Net-(R13-Pad1)")
    (add_net "Net-(R13-Pad2)")
    (add_net "Net-(U1-Pad21)")
    (add_net "Net-(U1-Pad22)")
    (add_net "Net-(U1-Pad23)")
    (add_net "Net-(U2-Pad5)")
    (add_net SOIL_1)
    (add_net SOIL_2)
    (add_net SOIL_3)
    (add_net SOIL_4)
    (add_net SOIL_5)
    (add_net SOIL_6)
  )

  (net_class BATT ""
    (clearance 0.25)
    (trace_width 0.5)
    (via_dia 0.8)
    (via_drill 0.4)
    (uvia_dia 0.3)
    (uvia_drill 0.1)
    (add_net /OUT+)
    (add_net /VBAT)
    (add_net 3V3)
    (add_net "Net-(Q3-Pad3)")
  )

  (module Capacitor_SMD:C_0603_1608Metric_Pad1.05x0.95mm_HandSolder (layer F.Cu) (tedit 5DC15508) (tstamp 5DCDCFD9)
    (at 126.12 95.945 180)
    (descr "Capacitor SMD 0603 (1608 Metric), square (rectangular) end terminal, IPC_7351 nominal with elongated pad for handsoldering. (Body size source: http://www.tortai-tech.com/upload/download/2011102023233369053.pdf), generated with kicad-footprint-generator")
    (tags "capacitor handsolder")
    (path /5E146E8D)
    (attr smd)
    (fp_text reference C6 (at 0 1.2 180) (layer F.SilkS)
      (effects (font (size 0.8 0.8) (thickness 0.15)))
    )
    (fp_text value 1uF (at 0 1.43 180) (layer F.Fab)
      (effects (font (size 1 1) (thickness 0.15)))
    )
    (fp_line (start -0.8 0.4) (end -0.8 -0.4) (layer F.Fab) (width 0.1))
    (fp_line (start -0.8 -0.4) (end 0.8 -0.4) (layer F.Fab) (width 0.1))
    (fp_line (start 0.8 -0.4) (end 0.8 0.4) (layer F.Fab) (width 0.1))
    (fp_line (start 0.8 0.4) (end -0.8 0.4) (layer F.Fab) (width 0.1))
    (fp_line (start -0.171267 -0.51) (end 0.171267 -0.51) (layer F.SilkS) (width 0.12))
    (fp_line (start -0.171267 0.51) (end 0.171267 0.51) (layer F.SilkS) (width 0.12))
    (fp_line (start -1.65 0.73) (end -1.65 -0.73) (layer F.CrtYd) (width 0.05))
    (fp_line (start -1.65 -0.73) (end 1.65 -0.73) (layer F.CrtYd) (width 0.05))
    (fp_line (start 1.65 -0.73) (end 1.65 0.73) (layer F.CrtYd) (width 0.05))
    (fp_line (start 1.65 0.73) (end -1.65 0.73) (layer F.CrtYd) (width 0.05))
    (fp_text user %R (at 0 0 180) (layer F.Fab)
      (effects (font (size 0.4 0.4) (thickness 0.06)))
    )
    (pad 1 smd roundrect (at -0.875 0 180) (size 1.05 0.95) (layers F.Cu F.Paste F.Mask) (roundrect_rratio 0.25)
      (net 14 /OUT+))
    (pad 2 smd roundrect (at 0.875 0 180) (size 1.05 0.95) (layers F.Cu F.Paste F.Mask) (roundrect_rratio 0.25)
      (net 1 GND))
    (model ${KISYS3DMOD}/Capacitor_SMD.3dshapes/C_0603_1608Metric.wrl
      (at (xyz 0 0 0))
      (scale (xyz 1 1 1))
      (rotate (xyz 0 0 0))
    )
  )

  (module "ESP8266:NodeMCU1.0(12-E)" (layer F.Cu) (tedit 5DC18FAF) (tstamp 5DCDD779)
    (at 148.59 88.9)
    (path /5DBC1267)
    (fp_text reference U1 (at -4.67 -18.555) (layer F.Fab)
      (effects (font (size 0.8 0.8) (thickness 0.15)))
    )
    (fp_text value "NodeMCU_1.0_(ESP-12E)" (at 0 -2.54) (layer F.Fab)
      (effects (font (size 1 1) (thickness 0.15)))
    )
    (fp_line (start -5.97 -19.455) (end 6.03 -19.455) (layer F.SilkS) (width 0.15))
    (fp_line (start 6.03 -19.455) (end 6.03 -4.455) (layer F.SilkS) (width 0.15))
    (fp_line (start 6.03 -4.455) (end -5.97 -4.455) (layer F.SilkS) (width 0.15))
    (fp_line (start -5.97 -4.455) (end -5.97 -19.455) (layer F.SilkS) (width 0.15))
    (fp_line (start 2.04 -21.63) (end -5.58 -21.63) (layer F.SilkS) (width 0.15))
    (fp_line (start -5.58 -21.63) (end -5.58 -26.71) (layer F.SilkS) (width 0.15))
    (fp_line (start -5.58 -26.71) (end -4.31 -26.71) (layer F.SilkS) (width 0.15))
    (fp_line (start -4.31 -26.71) (end -4.31 -22.9) (layer F.SilkS) (width 0.15))
    (fp_line (start -4.31 -22.9) (end -3.04 -22.9) (layer F.SilkS) (width 0.15))
    (fp_line (start -3.04 -22.9) (end -3.04 -26.71) (layer F.SilkS) (width 0.15))
    (fp_line (start -3.04 -26.71) (end -1.77 -26.71) (layer F.SilkS) (width 0.15))
    (fp_line (start -1.77 -26.71) (end -1.77 -22.9) (layer F.SilkS) (width 0.15))
    (fp_line (start -1.77 -22.9) (end -0.5 -22.9) (layer F.SilkS) (width 0.15))
    (fp_line (start -0.5 -22.9) (end -0.5 -26.71) (layer F.SilkS) (width 0.15))
    (fp_line (start -0.5 -26.71) (end 0.77 -26.71) (layer F.SilkS) (width 0.15))
    (fp_line (start 0.77 -26.71) (end 0.77 -22.9) (layer F.SilkS) (width 0.15))
    (fp_line (start 0.77 -22.9) (end 2.04 -22.9) (layer F.SilkS) (width 0.15))
    (fp_line (start 2.04 -22.9) (end 2.04 -26.71) (layer F.SilkS) (width 0.15))
    (fp_line (start 2.04 -26.71) (end 5.85 -26.71) (layer F.SilkS) (width 0.15))
    (fp_line (start -3.81 22.44) (end 3.81 22.44) (layer F.SilkS) (width 0.15))
    (fp_line (start 3.81 22.44) (end 3.81 16.09) (layer F.SilkS) (width 0.15))
    (fp_line (start 3.81 16.09) (end -3.81 16.09) (layer F.SilkS) (width 0.15))
    (fp_line (start -3.81 16.09) (end -3.81 22.44) (layer F.SilkS) (width 0.15))
    (fp_text user VIN (at -8.85 14.605) (layer F.SilkS)
      (effects (font (size 1 1) (thickness 0.15)))
    )
    (fp_text user G (at -8.85 12.065) (layer F.SilkS)
      (effects (font (size 1 1) (thickness 0.15)))
    )
    (fp_text user RST (at -8.85 9.525) (layer F.SilkS)
      (effects (font (size 1 1) (thickness 0.15)))
    )
    (fp_text user EN (at -8.85 6.985) (layer F.SilkS)
      (effects (font (size 1 1) (thickness 0.15)))
    )
    (fp_text user 3V (at -8.85 4.445) (layer F.SilkS)
      (effects (font (size 1 1) (thickness 0.15)))
    )
    (fp_text user G (at -8.85 1.905) (layer F.SilkS)
      (effects (font (size 1 1) (thickness 0.15)))
    )
    (fp_text user SK (at -8.85 -0.635) (layer F.SilkS)
      (effects (font (size 1 1) (thickness 0.15)))
    )
    (fp_text user SO (at -8.85 -3.175) (layer F.SilkS)
      (effects (font (size 1 1) (thickness 0.15)))
    )
    (fp_text user SC (at -8.85 -5.715) (layer F.SilkS)
      (effects (font (size 1 1) (thickness 0.15)))
    )
    (fp_text user S1 (at -8.85 -8.255) (layer F.SilkS)
      (effects (font (size 1 1) (thickness 0.15)))
    )
    (fp_text user S2 (at -8.85 -10.795) (layer F.SilkS)
      (effects (font (size 1 1) (thickness 0.15)))
    )
    (fp_text user S3 (at -8.85 -13.335) (layer F.Fab)
      (effects (font (size 1 1) (thickness 0.15)))
    )
    (fp_text user RSV (at -8.85 -15.875) (layer F.Fab)
      (effects (font (size 1 1) (thickness 0.15)))
    )
    (fp_text user RSV (at -8.85 -18.415) (layer F.Fab)
      (effects (font (size 1 1) (thickness 0.15)))
    )
    (fp_text user A0 (at -9.39 -20.455) (layer F.Fab)
      (effects (font (size 1 1) (thickness 0.15)))
    )
    (fp_text user 3V (at 8.93 14.605) (layer F.SilkS)
      (effects (font (size 1 1) (thickness 0.15)))
    )
    (fp_text user G (at 8.93 12.065) (layer F.SilkS)
      (effects (font (size 1 1) (thickness 0.15)))
    )
    (fp_text user TX (at 8.93 9.525) (layer F.SilkS)
      (effects (font (size 1 1) (thickness 0.15)))
    )
    (fp_text user RX (at 8.93 6.985) (layer F.SilkS)
      (effects (font (size 1 1) (thickness 0.15)))
    )
    (fp_text user D8 (at 8.93 4.445) (layer F.SilkS)
      (effects (font (size 1 1) (thickness 0.15)))
    )
    (fp_text user D7 (at 8.93 1.905) (layer F.SilkS)
      (effects (font (size 1 1) (thickness 0.15)))
    )
    (fp_text user D6 (at 8.93 -0.635) (layer F.SilkS)
      (effects (font (size 1 1) (thickness 0.15)))
    )
    (fp_text user D5 (at 8.93 -3.175) (layer F.SilkS)
      (effects (font (size 1 1) (thickness 0.15)))
    )
    (fp_text user G (at 9.73 -5.655) (layer F.SilkS)
      (effects (font (size 1 1) (thickness 0.15)))
    )
    (fp_text user 3V (at 9.53 -8.255) (layer F.Fab)
      (effects (font (size 1 1) (thickness 0.15)))
    )
    (fp_text user D4 (at 8.93 -10.795) (layer F.Fab)
      (effects (font (size 1 1) (thickness 0.15)))
    )
    (fp_text user D3 (at 8.93 -13.335) (layer F.Fab)
      (effects (font (size 1 1) (thickness 0.15)))
    )
    (fp_text user D2 (at 8.93 -15.875) (layer F.Fab)
      (effects (font (size 1 1) (thickness 0.15)))
    )
    (fp_text user D1 (at 8.93 -18.415) (layer F.Fab)
      (effects (font (size 1 1) (thickness 0.15)))
    )
    (fp_text user D0 (at 9.03 -19.955) (layer F.Fab)
      (effects (font (size 1 1) (thickness 0.15)))
    )
    (fp_circle (center 10.03 19.045) (end 11.53 19.045) (layer F.SilkS) (width 0.15))
    (fp_circle (center -9.89 19.045) (end -8.39 19.045) (layer F.SilkS) (width 0.15))
    (fp_circle (center -9.89 -25.455) (end -8.39 -25.455) (layer F.SilkS) (width 0.15))
    (fp_circle (center 10.03 -25.455) (end 11.53 -25.455) (layer F.SilkS) (width 0.15))
    (fp_line (start 12.53 -27.955) (end -12.39 -27.955) (layer F.SilkS) (width 0.15))
    (fp_line (start -12.39 -27.955) (end -12.39 21.545) (layer F.SilkS) (width 0.15))
    (fp_line (start -12.39 21.545) (end 12.61 21.545) (layer F.SilkS) (width 0.15))
    (fp_line (start 12.53 21.545) (end 12.53 -27.955) (layer F.SilkS) (width 0.15))
    (pad 1 thru_hole circle (at -11.39 -20.955) (size 1.524 1.524) (drill 0.762) (layers *.Cu *.Mask F.SilkS)
      (net 4 A0))
    (pad 2 thru_hole circle (at -11.39 -18.415) (size 1.524 1.524) (drill 0.762) (layers *.Cu *.Mask F.SilkS))
    (pad 3 thru_hole circle (at -11.39 -15.875) (size 1.524 1.524) (drill 0.762) (layers *.Cu *.Mask F.SilkS))
    (pad 4 thru_hole circle (at -11.39 -13.335) (size 1.524 1.524) (drill 0.762) (layers *.Cu *.Mask F.SilkS))
    (pad 5 thru_hole circle (at -11.39 -10.795) (size 1.524 1.524) (drill 0.762) (layers *.Cu *.Mask F.SilkS))
    (pad 6 thru_hole circle (at -11.39 -8.255) (size 1.524 1.524) (drill 0.762) (layers *.Cu *.Mask F.SilkS))
    (pad 7 thru_hole circle (at -11.39 -5.715) (size 1.524 1.524) (drill 0.762) (layers *.Cu *.Mask F.SilkS))
    (pad 8 thru_hole circle (at -11.39 -3.175) (size 1.524 1.524) (drill 0.762) (layers *.Cu *.Mask F.SilkS))
    (pad 9 thru_hole circle (at -11.39 -0.635) (size 1.524 1.524) (drill 0.762) (layers *.Cu *.Mask F.SilkS))
    (pad 10 thru_hole circle (at -11.39 1.905) (size 1.524 1.524) (drill 0.762) (layers *.Cu *.Mask F.SilkS)
      (net 1 GND))
    (pad 11 thru_hole circle (at -11.39 4.445) (size 1.524 1.524) (drill 0.762) (layers *.Cu *.Mask F.SilkS)
      (net 2 3V3))
    (pad 12 thru_hole circle (at -11.39 6.985) (size 1.524 1.524) (drill 0.762) (layers *.Cu *.Mask F.SilkS))
    (pad 13 thru_hole circle (at -11.39 9.525) (size 1.524 1.524) (drill 0.762) (layers *.Cu *.Mask F.SilkS))
    (pad 14 thru_hole circle (at -11.39 12.065) (size 1.524 1.524) (drill 0.762) (layers *.Cu *.Mask F.SilkS)
      (net 1 GND))
    (pad 15 thru_hole circle (at -11.39 14.605) (size 1.524 1.524) (drill 0.762) (layers *.Cu *.Mask F.SilkS)
      (net 15 /VBAT))
    (pad 16 thru_hole circle (at 11.47 14.605) (size 1.524 1.524) (drill 0.762) (layers *.Cu *.Mask F.SilkS)
      (net 2 3V3))
    (pad 17 thru_hole circle (at 11.47 12.065) (size 1.524 1.524) (drill 0.762) (layers *.Cu *.Mask F.SilkS)
      (net 1 GND))
    (pad 18 thru_hole circle (at 11.47 9.525) (size 1.524 1.524) (drill 0.762) (layers *.Cu *.Mask F.SilkS))
    (pad 19 thru_hole circle (at 11.47 6.985) (size 1.524 1.524) (drill 0.762) (layers *.Cu *.Mask F.SilkS))
    (pad 20 thru_hole circle (at 11.47 4.445) (size 1.524 1.524) (drill 0.762) (layers *.Cu *.Mask F.SilkS))
    (pad 21 thru_hole circle (at 11.47 1.905) (size 1.524 1.524) (drill 0.762) (layers *.Cu *.Mask F.SilkS)
      (net 5 "Net-(U1-Pad21)"))
    (pad 22 thru_hole circle (at 11.47 -0.635) (size 1.524 1.524) (drill 0.762) (layers *.Cu *.Mask F.SilkS)
      (net 6 "Net-(U1-Pad22)"))
    (pad 23 thru_hole circle (at 11.47 -3.175) (size 1.524 1.524) (drill 0.762) (layers *.Cu *.Mask F.SilkS)
      (net 7 "Net-(U1-Pad23)"))
    (pad 24 thru_hole circle (at 11.47 -5.715) (size 1.524 1.524) (drill 0.762) (layers *.Cu *.Mask F.SilkS)
      (net 1 GND))
    (pad 25 thru_hole circle (at 11.47 -8.255) (size 1.524 1.524) (drill 0.762) (layers *.Cu *.Mask F.SilkS)
      (net 2 3V3))
    (pad 26 thru_hole circle (at 11.47 -10.795) (size 1.524 1.524) (drill 0.762) (layers *.Cu *.Mask F.SilkS))
    (pad 27 thru_hole circle (at 11.47 -13.335) (size 1.524 1.524) (drill 0.762) (layers *.Cu *.Mask F.SilkS))
    (pad 28 thru_hole circle (at 11.47 -15.875) (size 1.524 1.524) (drill 0.762) (layers *.Cu *.Mask F.SilkS))
    (pad 29 thru_hole circle (at 11.47 -18.415) (size 1.524 1.524) (drill 0.762) (layers *.Cu *.Mask F.SilkS)
      (net 23 DONE))
    (pad 30 thru_hole circle (at 11.47 -20.955) (size 1.524 1.524) (drill 0.762) (layers *.Cu *.Mask F.SilkS))
  )

  (module Button_Switch_THT:SW_Tactile_Straight_KSL0Axx1LFTR (layer F.Cu) (tedit 5A02FE31) (tstamp 5E2C639F)
    (at 124.12 108.945 180)
    (descr "SW PUSH SMALL http://www.ckswitches.com/media/1457/ksa_ksl.pdf")
    (tags "SW PUSH SMALL Tactile C&K")
    (path /5E162F2D)
    (fp_text reference SW1 (at 3.81 -2.08 180) (layer F.SilkS)
      (effects (font (size 0.8 0.8) (thickness 0.15)))
    )
    (fp_text value SW_Push (at 3.81 7.28 180) (layer F.Fab)
      (effects (font (size 1 1) (thickness 0.15)))
    )
    (fp_line (start 7.51 6.24) (end 0.11 6.24) (layer F.Fab) (width 0.1))
    (fp_line (start 7.51 -1.16) (end 7.51 6.24) (layer F.Fab) (width 0.1))
    (fp_line (start 0.11 -1.16) (end 7.51 -1.16) (layer F.Fab) (width 0.1))
    (fp_line (start 0.11 6.24) (end 0.11 -1.16) (layer F.Fab) (width 0.1))
    (fp_text user %R (at 3.81 2.54 180) (layer F.Fab)
      (effects (font (size 1 1) (thickness 0.15)))
    )
    (fp_line (start 0 -1.27) (end 7.62 -1.27) (layer F.SilkS) (width 0.12))
    (fp_line (start 7.62 -1.27) (end 7.62 -0.97) (layer F.SilkS) (width 0.12))
    (fp_line (start 7.62 6.35) (end 0 6.35) (layer F.SilkS) (width 0.12))
    (fp_line (start 0 -1.27) (end 0 -0.97) (layer F.SilkS) (width 0.12))
    (fp_line (start 7.62 0.97) (end 7.62 4.11) (layer F.SilkS) (width 0.12))
    (fp_line (start 0 0.97) (end 0 4.11) (layer F.SilkS) (width 0.12))
    (fp_line (start -0.95 -1.41) (end 8.57 -1.41) (layer F.CrtYd) (width 0.05))
    (fp_line (start -0.95 -1.41) (end -0.95 6.49) (layer F.CrtYd) (width 0.05))
    (fp_line (start 8.57 6.49) (end 8.57 -1.41) (layer F.CrtYd) (width 0.05))
    (fp_line (start 8.57 6.49) (end -0.95 6.49) (layer F.CrtYd) (width 0.05))
    (fp_line (start 7.62 6.05) (end 7.62 6.35) (layer F.SilkS) (width 0.12))
    (fp_line (start 0 6.05) (end 0 6.35) (layer F.SilkS) (width 0.12))
    (fp_circle (center 3.81 2.54) (end 3.81 0) (layer F.SilkS) (width 0.12))
    (pad 1 thru_hole circle (at 7.62 0 180) (size 1.397 1.397) (drill 0.8128) (layers *.Cu *.Mask)
      (net 15 /VBAT))
    (pad 2 thru_hole circle (at 7.62 5.08 180) (size 1.397 1.397) (drill 0.8128) (layers *.Cu *.Mask)
      (net 22 "Net-(R13-Pad2)"))
    (pad 1 thru_hole circle (at 0 0 180) (size 1.397 1.397) (drill 0.8128) (layers *.Cu *.Mask)
      (net 15 /VBAT))
    (pad 2 thru_hole circle (at 0 5.08 180) (size 1.397 1.397) (drill 0.8128) (layers *.Cu *.Mask)
      (net 22 "Net-(R13-Pad2)"))
    (model ${KISYS3DMOD}/Button_Switch_THT.3dshapes/SW_Tactile_Straight_KSL0Axx1LFTR.wrl
      (at (xyz 0 0 0))
      (scale (xyz 1 1 1))
      (rotate (xyz 0 0 0))
    )
  )

  (module Capacitor_SMD:C_0603_1608Metric_Pad1.05x0.95mm_HandSolder (layer F.Cu) (tedit 5DC154FD) (tstamp 5DCDCE9E)
    (at 149.87 114.695 270)
    (descr "Capacitor SMD 0603 (1608 Metric), square (rectangular) end terminal, IPC_7351 nominal with elongated pad for handsoldering. (Body size source: http://www.tortai-tech.com/upload/download/2011102023233369053.pdf), generated with kicad-footprint-generator")
    (tags "capacitor handsolder")
    (path /5E1DD0A6)
    (attr smd)
    (fp_text reference C5 (at 0 -1.43 270) (layer F.SilkS)
      (effects (font (size 0.8 0.8) (thickness 0.15)))
    )
    (fp_text value 1uF (at 0 1.43 270) (layer F.Fab)
      (effects (font (size 1 1) (thickness 0.15)))
    )
    (fp_text user %R (at 0 0 270) (layer F.Fab)
      (effects (font (size 0.4 0.4) (thickness 0.06)))
    )
    (fp_line (start 1.65 0.73) (end -1.65 0.73) (layer F.CrtYd) (width 0.05))
    (fp_line (start 1.65 -0.73) (end 1.65 0.73) (layer F.CrtYd) (width 0.05))
    (fp_line (start -1.65 -0.73) (end 1.65 -0.73) (layer F.CrtYd) (width 0.05))
    (fp_line (start -1.65 0.73) (end -1.65 -0.73) (layer F.CrtYd) (width 0.05))
    (fp_line (start -0.171267 0.51) (end 0.171267 0.51) (layer F.SilkS) (width 0.12))
    (fp_line (start -0.171267 -0.51) (end 0.171267 -0.51) (layer F.SilkS) (width 0.12))
    (fp_line (start 0.8 0.4) (end -0.8 0.4) (layer F.Fab) (width 0.1))
    (fp_line (start 0.8 -0.4) (end 0.8 0.4) (layer F.Fab) (width 0.1))
    (fp_line (start -0.8 -0.4) (end 0.8 -0.4) (layer F.Fab) (width 0.1))
    (fp_line (start -0.8 0.4) (end -0.8 -0.4) (layer F.Fab) (width 0.1))
    (pad 2 smd roundrect (at 0.875 0 270) (size 1.05 0.95) (layers F.Cu F.Paste F.Mask) (roundrect_rratio 0.25)
      (net 1 GND))
    (pad 1 smd roundrect (at -0.875 0 270) (size 1.05 0.95) (layers F.Cu F.Paste F.Mask) (roundrect_rratio 0.25)
      (net 2 3V3))
    (model ${KISYS3DMOD}/Capacitor_SMD.3dshapes/C_0603_1608Metric.wrl
      (at (xyz 0 0 0))
      (scale (xyz 1 1 1))
      (rotate (xyz 0 0 0))
    )
  )

  (module Connector_PinHeader_2.54mm:PinHeader_1x02_P2.54mm_Vertical (layer F.Cu) (tedit 5DC00726) (tstamp 5DC1BB49)
    (at 128.87 108.945 90)
    (descr "Through hole straight pin header, 1x02, 2.54mm pitch, single row")
    (tags "Through hole pin header THT 1x02 2.54mm single row")
    (path /5DBF0754)
    (fp_text reference SW2 (at 0 -2.33 90) (layer F.Fab)
      (effects (font (size 0.8 0.8) (thickness 0.15)))
    )
    (fp_text value SW (at 0 4.87 90) (layer F.Fab)
      (effects (font (size 1 1) (thickness 0.15)))
    )
    (fp_line (start -0.635 -1.27) (end 1.27 -1.27) (layer F.Fab) (width 0.1))
    (fp_line (start 1.27 -1.27) (end 1.27 3.81) (layer F.Fab) (width 0.1))
    (fp_line (start 1.27 3.81) (end -1.27 3.81) (layer F.Fab) (width 0.1))
    (fp_line (start -1.27 3.81) (end -1.27 -0.635) (layer F.Fab) (width 0.1))
    (fp_line (start -1.27 -0.635) (end -0.635 -1.27) (layer F.Fab) (width 0.1))
    (fp_line (start -1.33 3.87) (end 1.33 3.87) (layer F.SilkS) (width 0.12))
    (fp_line (start -1.33 1.27) (end -1.33 3.87) (layer F.SilkS) (width 0.12))
    (fp_line (start 1.33 1.27) (end 1.33 3.87) (layer F.SilkS) (width 0.12))
    (fp_line (start -1.33 1.27) (end 1.33 1.27) (layer F.SilkS) (width 0.12))
    (fp_line (start -1.33 0) (end -1.33 -1.33) (layer F.SilkS) (width 0.12))
    (fp_line (start -1.33 -1.33) (end 0 -1.33) (layer F.SilkS) (width 0.12))
    (fp_line (start -1.8 -1.8) (end -1.8 4.35) (layer F.CrtYd) (width 0.05))
    (fp_line (start -1.8 4.35) (end 1.8 4.35) (layer F.CrtYd) (width 0.05))
    (fp_line (start 1.8 4.35) (end 1.8 -1.8) (layer F.CrtYd) (width 0.05))
    (fp_line (start 1.8 -1.8) (end -1.8 -1.8) (layer F.CrtYd) (width 0.05))
    (fp_text user %R (at 0 1.27 180) (layer F.Fab)
      (effects (font (size 1 1) (thickness 0.15)))
    )
    (pad 1 thru_hole rect (at 0 0 90) (size 1.7 1.7) (drill 1) (layers *.Cu *.Mask)
      (net 20 "Net-(Q3-Pad3)"))
    (pad 2 thru_hole oval (at 0 2.54 90) (size 1.7 1.7) (drill 1) (layers *.Cu *.Mask)
      (net 15 /VBAT))
    (model ${KISYS3DMOD}/Connector_PinHeader_2.54mm.3dshapes/PinHeader_1x02_P2.54mm_Vertical.wrl
      (at (xyz 0 0 0))
      (scale (xyz 1 1 1))
      (rotate (xyz 0 0 0))
    )
  )

  (module tp4056:tp4056 (layer F.Cu) (tedit 5DC00F59) (tstamp 5DCB5FA7)
    (at 118.62 89.945 90)
    (descr "Through hole straight pin header, 1x02, 2.54mm pitch, single row")
    (tags "Through hole pin header THT 1x02 2.54mm single row")
    (path /5DBF418E)
    (fp_text reference J4 (at 0 -2.33 90) (layer F.Fab)
      (effects (font (size 0.8 0.8) (thickness 0.15)))
    )
    (fp_text value PWR (at 0 9.25 180) (layer F.Fab)
      (effects (font (size 1 1) (thickness 0.15)))
    )
    (fp_line (start 1.27 15.31) (end -1.27 15.31) (layer F.Fab) (width 0.1))
    (fp_line (start -1.33 15.37) (end 1.33 15.37) (layer F.SilkS) (width 0.12))
    (fp_line (start -1.33 12.77) (end -1.33 15.37) (layer F.SilkS) (width 0.12))
    (fp_line (start 1.33 12.77) (end 1.33 15.37) (layer F.SilkS) (width 0.12))
    (fp_line (start -1.33 12.77) (end 1.33 12.77) (layer F.SilkS) (width 0.12))
    (fp_line (start -1.33 0) (end -1.33 -1.33) (layer F.SilkS) (width 0.12))
    (fp_line (start -1.33 -1.33) (end 0 -1.33) (layer F.SilkS) (width 0.12))
    (fp_text user %R (at 0 3.5) (layer F.Fab)
      (effects (font (size 1 1) (thickness 0.15)))
    )
    (pad 1 thru_hole rect (at 0 0 90) (size 1.7 1.7) (drill 1) (layers *.Cu *.Mask)
      (net 1 GND))
    (pad 2 thru_hole oval (at 0 14 90) (size 1.7 1.7) (drill 1) (layers *.Cu *.Mask)
      (net 14 /OUT+))
    (model ${KISYS3DMOD}/Connector_PinHeader_2.54mm.3dshapes/PinHeader_1x02_P2.54mm_Vertical.wrl
      (at (xyz 0 0 0))
      (scale (xyz 1 1 1))
      (rotate (xyz 0 0 0))
    )
  )

  (module Capacitor_SMD:C_0603_1608Metric_Pad1.05x0.95mm_HandSolder (layer F.Cu) (tedit 5B301BBE) (tstamp 5DD4AAC4)
    (at 156.22 70.545 90)
    (descr "Capacitor SMD 0603 (1608 Metric), square (rectangular) end terminal, IPC_7351 nominal with elongated pad for handsoldering. (Body size source: http://www.tortai-tech.com/upload/download/2011102023233369053.pdf), generated with kicad-footprint-generator")
    (tags "capacitor handsolder")
    (path /5DBC5262)
    (attr smd)
    (fp_text reference C2 (at 2.25 -0.05 180) (layer F.SilkS)
      (effects (font (size 0.8 0.8) (thickness 0.15)))
    )
    (fp_text value 1uF (at 0 1.43 90) (layer F.Fab)
      (effects (font (size 1 1) (thickness 0.15)))
    )
    (fp_text user %R (at 0 0 90) (layer F.Fab)
      (effects (font (size 0.4 0.4) (thickness 0.06)))
    )
    (fp_line (start 1.65 0.73) (end -1.65 0.73) (layer F.CrtYd) (width 0.05))
    (fp_line (start 1.65 -0.73) (end 1.65 0.73) (layer F.CrtYd) (width 0.05))
    (fp_line (start -1.65 -0.73) (end 1.65 -0.73) (layer F.CrtYd) (width 0.05))
    (fp_line (start -1.65 0.73) (end -1.65 -0.73) (layer F.CrtYd) (width 0.05))
    (fp_line (start -0.171267 0.51) (end 0.171267 0.51) (layer F.SilkS) (width 0.12))
    (fp_line (start -0.171267 -0.51) (end 0.171267 -0.51) (layer F.SilkS) (width 0.12))
    (fp_line (start 0.8 0.4) (end -0.8 0.4) (layer F.Fab) (width 0.1))
    (fp_line (start 0.8 -0.4) (end 0.8 0.4) (layer F.Fab) (width 0.1))
    (fp_line (start -0.8 -0.4) (end 0.8 -0.4) (layer F.Fab) (width 0.1))
    (fp_line (start -0.8 0.4) (end -0.8 -0.4) (layer F.Fab) (width 0.1))
    (pad 2 smd roundrect (at 0.875 0 90) (size 1.05 0.95) (layers F.Cu F.Paste F.Mask) (roundrect_rratio 0.25)
      (net 1 GND))
    (pad 1 smd roundrect (at -0.875 0 90) (size 1.05 0.95) (layers F.Cu F.Paste F.Mask) (roundrect_rratio 0.25)
      (net 2 3V3))
    (model ${KISYS3DMOD}/Capacitor_SMD.3dshapes/C_0603_1608Metric.wrl
      (at (xyz 0 0 0))
      (scale (xyz 1 1 1))
      (rotate (xyz 0 0 0))
    )
  )

  (module Capacitor_SMD:C_0603_1608Metric_Pad1.05x0.95mm_HandSolder (layer F.Cu) (tedit 5B301BBE) (tstamp 5DD4AAB3)
    (at 154.02 70.545 90)
    (descr "Capacitor SMD 0603 (1608 Metric), square (rectangular) end terminal, IPC_7351 nominal with elongated pad for handsoldering. (Body size source: http://www.tortai-tech.com/upload/download/2011102023233369053.pdf), generated with kicad-footprint-generator")
    (tags "capacitor handsolder")
    (path /5DBC50F4)
    (attr smd)
    (fp_text reference C1 (at 2.2 -0.1 180) (layer F.SilkS)
      (effects (font (size 0.8 0.8) (thickness 0.15)))
    )
    (fp_text value 0.1uF (at 0 1.43 90) (layer F.Fab)
      (effects (font (size 1 1) (thickness 0.15)))
    )
    (fp_line (start -0.8 0.4) (end -0.8 -0.4) (layer F.Fab) (width 0.1))
    (fp_line (start -0.8 -0.4) (end 0.8 -0.4) (layer F.Fab) (width 0.1))
    (fp_line (start 0.8 -0.4) (end 0.8 0.4) (layer F.Fab) (width 0.1))
    (fp_line (start 0.8 0.4) (end -0.8 0.4) (layer F.Fab) (width 0.1))
    (fp_line (start -0.171267 -0.51) (end 0.171267 -0.51) (layer F.SilkS) (width 0.12))
    (fp_line (start -0.171267 0.51) (end 0.171267 0.51) (layer F.SilkS) (width 0.12))
    (fp_line (start -1.65 0.73) (end -1.65 -0.73) (layer F.CrtYd) (width 0.05))
    (fp_line (start -1.65 -0.73) (end 1.65 -0.73) (layer F.CrtYd) (width 0.05))
    (fp_line (start 1.65 -0.73) (end 1.65 0.73) (layer F.CrtYd) (width 0.05))
    (fp_line (start 1.65 0.73) (end -1.65 0.73) (layer F.CrtYd) (width 0.05))
    (fp_text user %R (at 0 0 90) (layer F.Fab)
      (effects (font (size 0.4 0.4) (thickness 0.06)))
    )
    (pad 1 smd roundrect (at -0.875 0 90) (size 1.05 0.95) (layers F.Cu F.Paste F.Mask) (roundrect_rratio 0.25)
      (net 2 3V3))
    (pad 2 smd roundrect (at 0.875 0 90) (size 1.05 0.95) (layers F.Cu F.Paste F.Mask) (roundrect_rratio 0.25)
      (net 1 GND))
    (model ${KISYS3DMOD}/Capacitor_SMD.3dshapes/C_0603_1608Metric.wrl
      (at (xyz 0 0 0))
      (scale (xyz 1 1 1))
      (rotate (xyz 0 0 0))
    )
  )

  (module Capacitor_SMD:C_0603_1608Metric_Pad1.05x0.95mm_HandSolder (layer F.Cu) (tedit 5B301BBE) (tstamp 5DCB6A7C)
    (at 142.47 113.945)
    (descr "Capacitor SMD 0603 (1608 Metric), square (rectangular) end terminal, IPC_7351 nominal with elongated pad for handsoldering. (Body size source: http://www.tortai-tech.com/upload/download/2011102023233369053.pdf), generated with kicad-footprint-generator")
    (tags "capacitor handsolder")
    (path /5E1721C2)
    (attr smd)
    (fp_text reference C3 (at 0 1.3) (layer F.SilkS)
      (effects (font (size 0.8 0.8) (thickness 0.15)))
    )
    (fp_text value 1uF (at 0 1.43) (layer F.Fab)
      (effects (font (size 1 1) (thickness 0.15)))
    )
    (fp_text user %R (at 0 0) (layer F.Fab)
      (effects (font (size 0.4 0.4) (thickness 0.06)))
    )
    (fp_line (start 1.65 0.73) (end -1.65 0.73) (layer F.CrtYd) (width 0.05))
    (fp_line (start 1.65 -0.73) (end 1.65 0.73) (layer F.CrtYd) (width 0.05))
    (fp_line (start -1.65 -0.73) (end 1.65 -0.73) (layer F.CrtYd) (width 0.05))
    (fp_line (start -1.65 0.73) (end -1.65 -0.73) (layer F.CrtYd) (width 0.05))
    (fp_line (start -0.171267 0.51) (end 0.171267 0.51) (layer F.SilkS) (width 0.12))
    (fp_line (start -0.171267 -0.51) (end 0.171267 -0.51) (layer F.SilkS) (width 0.12))
    (fp_line (start 0.8 0.4) (end -0.8 0.4) (layer F.Fab) (width 0.1))
    (fp_line (start 0.8 -0.4) (end 0.8 0.4) (layer F.Fab) (width 0.1))
    (fp_line (start -0.8 -0.4) (end 0.8 -0.4) (layer F.Fab) (width 0.1))
    (fp_line (start -0.8 0.4) (end -0.8 -0.4) (layer F.Fab) (width 0.1))
    (pad 2 smd roundrect (at 0.875 0) (size 1.05 0.95) (layers F.Cu F.Paste F.Mask) (roundrect_rratio 0.25)
      (net 1 GND))
    (pad 1 smd roundrect (at -0.875 0) (size 1.05 0.95) (layers F.Cu F.Paste F.Mask) (roundrect_rratio 0.25)
      (net 15 /VBAT))
    (model ${KISYS3DMOD}/Capacitor_SMD.3dshapes/C_0603_1608Metric.wrl
      (at (xyz 0 0 0))
      (scale (xyz 1 1 1))
      (rotate (xyz 0 0 0))
    )
  )

  (module Capacitor_SMD:C_0603_1608Metric_Pad1.05x0.95mm_HandSolder (layer F.Cu) (tedit 5DC00A58) (tstamp 5DD4AAE6)
    (at 153.62 105.195 180)
    (descr "Capacitor SMD 0603 (1608 Metric), square (rectangular) end terminal, IPC_7351 nominal with elongated pad for handsoldering. (Body size source: http://www.tortai-tech.com/upload/download/2011102023233369053.pdf), generated with kicad-footprint-generator")
    (tags "capacitor handsolder")
    (path /5E153222)
    (attr smd)
    (fp_text reference C4 (at 0 1.2 180) (layer F.SilkS)
      (effects (font (size 0.8 0.8) (thickness 0.15)))
    )
    (fp_text value 0.1uF (at 0 1.43 180) (layer F.Fab)
      (effects (font (size 1 1) (thickness 0.15)))
    )
    (fp_line (start -0.8 0.4) (end -0.8 -0.4) (layer F.Fab) (width 0.1))
    (fp_line (start -0.8 -0.4) (end 0.8 -0.4) (layer F.Fab) (width 0.1))
    (fp_line (start 0.8 -0.4) (end 0.8 0.4) (layer F.Fab) (width 0.1))
    (fp_line (start 0.8 0.4) (end -0.8 0.4) (layer F.Fab) (width 0.1))
    (fp_line (start -0.171267 -0.51) (end 0.171267 -0.51) (layer F.SilkS) (width 0.12))
    (fp_line (start -0.171267 0.51) (end 0.171267 0.51) (layer F.SilkS) (width 0.12))
    (fp_line (start -1.65 0.73) (end -1.65 -0.73) (layer F.CrtYd) (width 0.05))
    (fp_line (start -1.65 -0.73) (end 1.65 -0.73) (layer F.CrtYd) (width 0.05))
    (fp_line (start 1.65 -0.73) (end 1.65 0.73) (layer F.CrtYd) (width 0.05))
    (fp_line (start 1.65 0.73) (end -1.65 0.73) (layer F.CrtYd) (width 0.05))
    (fp_text user %R (at 0 0 180) (layer F.Fab)
      (effects (font (size 0.4 0.4) (thickness 0.06)))
    )
    (pad 1 smd roundrect (at -0.875 0 180) (size 1.05 0.95) (layers F.Cu F.Paste F.Mask) (roundrect_rratio 0.25)
      (net 15 /VBAT))
    (pad 2 smd roundrect (at 0.875 0 180) (size 1.05 0.95) (layers F.Cu F.Paste F.Mask) (roundrect_rratio 0.25)
      (net 1 GND))
    (model ${KISYS3DMOD}/Capacitor_SMD.3dshapes/C_0603_1608Metric.wrl
      (at (xyz 0 0 0))
      (scale (xyz 1 1 1))
      (rotate (xyz 0 0 0))
    )
  )

  (module Resistor_SMD:R_0603_1608Metric_Pad1.05x0.95mm_HandSolder (layer F.Cu) (tedit 5B301BBD) (tstamp 5DD4AB26)
    (at 145.82 88.545)
    (descr "Resistor SMD 0603 (1608 Metric), square (rectangular) end terminal, IPC_7351 nominal with elongated pad for handsoldering. (Body size source: http://www.tortai-tech.com/upload/download/2011102023233369053.pdf), generated with kicad-footprint-generator")
    (tags "resistor handsolder")
    (path /5DBCB134)
    (attr smd)
    (fp_text reference R1 (at 0 -1.18) (layer F.SilkS)
      (effects (font (size 0.8 0.8) (thickness 0.15)))
    )
    (fp_text value 100K (at 0 1.43) (layer F.Fab)
      (effects (font (size 1 1) (thickness 0.15)))
    )
    (fp_line (start -0.8 0.4) (end -0.8 -0.4) (layer F.Fab) (width 0.1))
    (fp_line (start -0.8 -0.4) (end 0.8 -0.4) (layer F.Fab) (width 0.1))
    (fp_line (start 0.8 -0.4) (end 0.8 0.4) (layer F.Fab) (width 0.1))
    (fp_line (start 0.8 0.4) (end -0.8 0.4) (layer F.Fab) (width 0.1))
    (fp_line (start -0.171267 -0.51) (end 0.171267 -0.51) (layer F.SilkS) (width 0.12))
    (fp_line (start -0.171267 0.51) (end 0.171267 0.51) (layer F.SilkS) (width 0.12))
    (fp_line (start -1.65 0.73) (end -1.65 -0.73) (layer F.CrtYd) (width 0.05))
    (fp_line (start -1.65 -0.73) (end 1.65 -0.73) (layer F.CrtYd) (width 0.05))
    (fp_line (start 1.65 -0.73) (end 1.65 0.73) (layer F.CrtYd) (width 0.05))
    (fp_line (start 1.65 0.73) (end -1.65 0.73) (layer F.CrtYd) (width 0.05))
    (fp_text user %R (at 0 0) (layer F.Fab)
      (effects (font (size 0.4 0.4) (thickness 0.06)))
    )
    (pad 1 smd roundrect (at -0.875 0) (size 1.05 0.95) (layers F.Cu F.Paste F.Mask) (roundrect_rratio 0.25)
      (net 18 "Net-(Q1-Pad3)"))
    (pad 2 smd roundrect (at 0.875 0) (size 1.05 0.95) (layers F.Cu F.Paste F.Mask) (roundrect_rratio 0.25)
      (net 3 BATT_SENSE))
    (model ${KISYS3DMOD}/Resistor_SMD.3dshapes/R_0603_1608Metric.wrl
      (at (xyz 0 0 0))
      (scale (xyz 1 1 1))
      (rotate (xyz 0 0 0))
    )
  )

  (module Resistor_SMD:R_0603_1608Metric_Pad1.05x0.95mm_HandSolder (layer F.Cu) (tedit 5B301BBD) (tstamp 5DD4B5CF)
    (at 145.82 90.145 180)
    (descr "Resistor SMD 0603 (1608 Metric), square (rectangular) end terminal, IPC_7351 nominal with elongated pad for handsoldering. (Body size source: http://www.tortai-tech.com/upload/download/2011102023233369053.pdf), generated with kicad-footprint-generator")
    (tags "resistor handsolder")
    (path /5DBCB6E2)
    (attr smd)
    (fp_text reference R2 (at 0 -1.17 180) (layer F.SilkS)
      (effects (font (size 0.8 0.8) (thickness 0.15)))
    )
    (fp_text value 100K (at 0 1.43 180) (layer F.Fab)
      (effects (font (size 1 1) (thickness 0.15)))
    )
    (fp_text user %R (at 0 0 180) (layer F.Fab)
      (effects (font (size 0.4 0.4) (thickness 0.06)))
    )
    (fp_line (start 1.65 0.73) (end -1.65 0.73) (layer F.CrtYd) (width 0.05))
    (fp_line (start 1.65 -0.73) (end 1.65 0.73) (layer F.CrtYd) (width 0.05))
    (fp_line (start -1.65 -0.73) (end 1.65 -0.73) (layer F.CrtYd) (width 0.05))
    (fp_line (start -1.65 0.73) (end -1.65 -0.73) (layer F.CrtYd) (width 0.05))
    (fp_line (start -0.171267 0.51) (end 0.171267 0.51) (layer F.SilkS) (width 0.12))
    (fp_line (start -0.171267 -0.51) (end 0.171267 -0.51) (layer F.SilkS) (width 0.12))
    (fp_line (start 0.8 0.4) (end -0.8 0.4) (layer F.Fab) (width 0.1))
    (fp_line (start 0.8 -0.4) (end 0.8 0.4) (layer F.Fab) (width 0.1))
    (fp_line (start -0.8 -0.4) (end 0.8 -0.4) (layer F.Fab) (width 0.1))
    (fp_line (start -0.8 0.4) (end -0.8 -0.4) (layer F.Fab) (width 0.1))
    (pad 2 smd roundrect (at 0.875 0 180) (size 1.05 0.95) (layers F.Cu F.Paste F.Mask) (roundrect_rratio 0.25)
      (net 1 GND))
    (pad 1 smd roundrect (at -0.875 0 180) (size 1.05 0.95) (layers F.Cu F.Paste F.Mask) (roundrect_rratio 0.25)
      (net 3 BATT_SENSE))
    (model ${KISYS3DMOD}/Resistor_SMD.3dshapes/R_0603_1608Metric.wrl
      (at (xyz 0 0 0))
      (scale (xyz 1 1 1))
      (rotate (xyz 0 0 0))
    )
  )

  (module Resistor_SMD:R_0603_1608Metric_Pad1.05x0.95mm_HandSolder (layer F.Cu) (tedit 5B301BBD) (tstamp 5DD3D0DA)
    (at 155.66 74.215 180)
    (descr "Resistor SMD 0603 (1608 Metric), square (rectangular) end terminal, IPC_7351 nominal with elongated pad for handsoldering. (Body size source: http://www.tortai-tech.com/upload/download/2011102023233369053.pdf), generated with kicad-footprint-generator")
    (tags "resistor handsolder")
    (path /5DBCE5B9)
    (attr smd)
    (fp_text reference R3 (at 0 1.12 180) (layer F.SilkS)
      (effects (font (size 0.8 0.8) (thickness 0.15)))
    )
    (fp_text value 10K (at 0 1.43 180) (layer F.Fab)
      (effects (font (size 1 1) (thickness 0.15)))
    )
    (fp_line (start -0.8 0.4) (end -0.8 -0.4) (layer F.Fab) (width 0.1))
    (fp_line (start -0.8 -0.4) (end 0.8 -0.4) (layer F.Fab) (width 0.1))
    (fp_line (start 0.8 -0.4) (end 0.8 0.4) (layer F.Fab) (width 0.1))
    (fp_line (start 0.8 0.4) (end -0.8 0.4) (layer F.Fab) (width 0.1))
    (fp_line (start -0.171267 -0.51) (end 0.171267 -0.51) (layer F.SilkS) (width 0.12))
    (fp_line (start -0.171267 0.51) (end 0.171267 0.51) (layer F.SilkS) (width 0.12))
    (fp_line (start -1.65 0.73) (end -1.65 -0.73) (layer F.CrtYd) (width 0.05))
    (fp_line (start -1.65 -0.73) (end 1.65 -0.73) (layer F.CrtYd) (width 0.05))
    (fp_line (start 1.65 -0.73) (end 1.65 0.73) (layer F.CrtYd) (width 0.05))
    (fp_line (start 1.65 0.73) (end -1.65 0.73) (layer F.CrtYd) (width 0.05))
    (fp_text user %R (at 0 0 180) (layer F.Fab)
      (effects (font (size 0.4 0.4) (thickness 0.06)))
    )
    (pad 1 smd roundrect (at -0.875 0 180) (size 1.05 0.95) (layers F.Cu F.Paste F.Mask) (roundrect_rratio 0.25)
      (net 2 3V3))
    (pad 2 smd roundrect (at 0.875 0 180) (size 1.05 0.95) (layers F.Cu F.Paste F.Mask) (roundrect_rratio 0.25)
      (net 8 SOIL_1))
    (model ${KISYS3DMOD}/Resistor_SMD.3dshapes/R_0603_1608Metric.wrl
      (at (xyz 0 0 0))
      (scale (xyz 1 1 1))
      (rotate (xyz 0 0 0))
    )
  )

  (module Resistor_SMD:R_0603_1608Metric_Pad1.05x0.95mm_HandSolder (layer F.Cu) (tedit 5B301BBD) (tstamp 5DBCAF13)
    (at 155.66 76.755 180)
    (descr "Resistor SMD 0603 (1608 Metric), square (rectangular) end terminal, IPC_7351 nominal with elongated pad for handsoldering. (Body size source: http://www.tortai-tech.com/upload/download/2011102023233369053.pdf), generated with kicad-footprint-generator")
    (tags "resistor handsolder")
    (path /5DBD7690)
    (attr smd)
    (fp_text reference R4 (at 0 1.06 180) (layer F.SilkS)
      (effects (font (size 0.8 0.8) (thickness 0.15)))
    )
    (fp_text value 10K (at 0 1.43 180) (layer F.Fab)
      (effects (font (size 1 1) (thickness 0.15)))
    )
    (fp_text user %R (at 0 0 180) (layer F.Fab)
      (effects (font (size 0.4 0.4) (thickness 0.06)))
    )
    (fp_line (start 1.65 0.73) (end -1.65 0.73) (layer F.CrtYd) (width 0.05))
    (fp_line (start 1.65 -0.73) (end 1.65 0.73) (layer F.CrtYd) (width 0.05))
    (fp_line (start -1.65 -0.73) (end 1.65 -0.73) (layer F.CrtYd) (width 0.05))
    (fp_line (start -1.65 0.73) (end -1.65 -0.73) (layer F.CrtYd) (width 0.05))
    (fp_line (start -0.171267 0.51) (end 0.171267 0.51) (layer F.SilkS) (width 0.12))
    (fp_line (start -0.171267 -0.51) (end 0.171267 -0.51) (layer F.SilkS) (width 0.12))
    (fp_line (start 0.8 0.4) (end -0.8 0.4) (layer F.Fab) (width 0.1))
    (fp_line (start 0.8 -0.4) (end 0.8 0.4) (layer F.Fab) (width 0.1))
    (fp_line (start -0.8 -0.4) (end 0.8 -0.4) (layer F.Fab) (width 0.1))
    (fp_line (start -0.8 0.4) (end -0.8 -0.4) (layer F.Fab) (width 0.1))
    (pad 2 smd roundrect (at 0.875 0 180) (size 1.05 0.95) (layers F.Cu F.Paste F.Mask) (roundrect_rratio 0.25)
      (net 9 SOIL_2))
    (pad 1 smd roundrect (at -0.875 0 180) (size 1.05 0.95) (layers F.Cu F.Paste F.Mask) (roundrect_rratio 0.25)
      (net 2 3V3))
    (model ${KISYS3DMOD}/Resistor_SMD.3dshapes/R_0603_1608Metric.wrl
      (at (xyz 0 0 0))
      (scale (xyz 1 1 1))
      (rotate (xyz 0 0 0))
